recId|SeqNumber|seqLength|displayLatitude|displayLongitude
0|1|1|38.0988609|-121.2696542
1|1|2|37.97271|-121.30047
1|2|2|37.9740699|-121.2958644
2|1|1|37.95509|-121.32232
3|1|1|39.14979|-123.20786
4|1|1|33.74957|-117.8115
5|1|1|37.87674|-122.30344
6|1|1|37.87674|-122.30344
7|1|1|37.8734|-122.26883
8|1|1|37.33607|-121.89426
9|1|1|37.39478|-122.08058
10|1|1|37.78539|-122.39953
11|1|1|38.43982|-122.71248
12|1|1|34.4167598|-119.6910472
13|1|1|37.77042|-122.5108
14|1|1|34.42283|-119.68776
15|1|1|32.79425|-117.25526
16|1|1|33.91675|-117.89975
17|1|1|32.77724|-117.0516
18|1|1|38.54724|-121.72553
19|1|1|38.59648|-121.43926
20|1|1|38.51355|-122.98253
21|1|1|33.11564|-117.12027
22|1|1|37.5800039|-122.3461031
23|1|1|33.6495075|-117.8398372
24|1|1|33.5754655|-117.7236549
25|1|1|37.64168|-121.00417
26|1|1|37.73854|-122.38097
27|1|1|36.16621|-121.02969
28|1|1|37.28667|-121.94639
29|1|1|32.99293|-117.27221
30|1|1|37.9678443|-120.3129161
31|1|1|38.24226|-120.36195
32|1|1|38.30994|-120.27745
33|1|1|34.061649|-118.012529
34|1|1|40.9285|-124.10229
35|1|1|38.5255|-122.49699
36|1|1|39.7245|-121.81483
37|1|1|34.1623622|-118.052985
38|1|1|37.76552|-122.44963
39|1|1|36.75789|-119.80216
40|1|1|36.8711201|-119.7620574
41|1|1|36.96755|-122.00827
42|1|1|37.96778|-121.78569
43|1|1|36.95894|-122.04848
44|1|1|36.9866|-122.03881
45|1|1|34.41663|-119.69597
46|1|1|33.7386151|-118.2842602
47|1|1|33.13519|-117.19088
48|1|1|37.7966454|-122.4050878
49|1|1|32.79221|-117.0989
50|1|1|38.805241|-123.0165796
51|1|1|38.4418|-122.71164
52|1|1|38.5729|-121.48107
53|1|1|37.79999|-122.41041
54|1|1|37.28841|-121.93338
55|1|1|32.87132|-117.23399
56|1|1|32.71197|-117.1608
57|1|1|33.76716|-118.19255
58|1|1|33.98147|-117.3702
59|1|1|38.5814634|-121.5018185
60|1|1|34.49951|-118.61706
61|1|1|33.81695|-118.38706
62|1|1|37.2972|-120.35178
63|1|1|33.83565|-118.3161
64|1|1|33.68059|-117.66349
65|1|1|37.87991|-122.29974
66|1|1|37.89936|-122.06183
67|1|1|38.57903|-121.49272
68|1|1|37.87991|-122.29974
69|1|1|33.14139|-117.14988
70|1|1|33.1599|-117.34772
71|1|1|32.99293|-117.27221
72|1|1|33.42889|-117.61354
73|1|1|36.60174|-121.89445
74|1|1|37.80151|-122.27422
75|1|1|34.10581|-117.54686
76|1|1|32.96553|-117.08982
77|1|1|33.61978|-117.67551
78|1|1|33.0478|-117.28551
79|1|1|33.18908|-117.25422
80|1|1|33.52382|-117.1506
81|1|1|32.838854|-116.9806307
82|1|1|34.41563|-118.46384
83|1|1|33.82593|-117.83642
84|1|1|32.7799|-117.1289
85|1|1|33.6797|-118.00206
86|1|1|33.0692323|-117.0685983
87|1|1|32.95423|-117.22944
88|1|1|33.84331|-117.53781
89|1|1|33.20603|-117.30371
90|1|1|33.54283|-117.78354
91|1|1|39.44647|-123.80623
92|1|1|33.61447|-117.9298
93|1|1|32.93559|-117.0976
94|1|1|38.5766117|-122.5796996
95|1|1|41.41605|-122.38704
96|1|1|38.09409|-122.55678
97|1|1|38.91545|-120.00355
98|1|1|38.75199|-122.61581
99|1|1|35.36667|-120.85031
100|1|1|38.48921|-122.77375
101|1|1|32.8727101|-117.2126959
102|1|1|34.125|-117.93852
103|1|1|39.1275047|-123.2000465
104|1|1|38.9732|-123.11596
105|1|1|38.79114|-121.27847
106|1|1|37.9479824|-122.5087052
107|1|1|33.22003|-117.1015
108|1|5|37.6486|-118.98107
108|2|5|37.64702|-118.96661
108|3|5|37.64655|-118.95917
108|4|5|37.64873|-118.97543
108|5|5|37.64875|-118.97869
109|1|1|33.8837735|-117.5653415
110|1|1|37.66453|-121.87379
111|1|1|37.7703644|-122.4451952
112|1|1|40.8788382|-123.9939815
113|1|1|40.80226|-124.17426
114|1|1|37.22529|-121.9823
115|1|2|38.13266|-121.27405
115|2|2|38.13556|-121.27373
116|1|1|38.68072|-121.17285
117|1|1|37.79966|-122.28786
118|1|1|32.93549|-117.0435
119|1|1|33.99941|-118.48059
120|1|1|35.31699|-119.07745
121|1|1|33.45764|-117.58884
122|1|1|38.26942|-122.66321
123|1|1|32.8723027|-117.2142901
124|1|1|32.84085|-117.27412
125|1|1|33.68946|-117.89421
126|1|1|32.83265|-117.23147
127|1|1|32.8970121|-117.20266
128|1|1|34.1354455|-118.351482
129|1|1|33.12445|-117.31425
130|1|1|32.84729|-117.27376
131|1|1|32.71746|-117.16722
132|1|1|32.75027|-117.20269
133|1|1|33.80461|-117.87787
134|1|1|34.55873|-117.41073
135|1|1|37.54406|-121.98751
136|1|1|38.75634|-120.67915
137|1|1|37.79746|-122.18978
138|1|1|34.39553|-119.52155
139|1|1|37.98592|-122.5841
140|1|1|34.00389|-117.34863
141|1|1|35.66747|-117.87366
142|1|1|33.65838|-118.00124
143|1|1|40.87023|-124.0872
144|1|1|37.76385|-121.95107
145|1|1|37.67706|-121.89774
146|1|1|38.55452|-121.43005
147|1|1|34.17123|-119.2317
148|1|1|34.42869|-119.87336
149|1|1|38.65386|-120.66123
150|1|1|33.99344|-118.46484
151|1|1|34.08266|-117.14177
152|1|1|37.516452|-122.4596941
153|1|1|33.13603|-117.22486
154|1|1|40.65946|-122.30945
155|1|1|34.24646|-118.59361
156|1|1|37.33486|-121.88859
157|1|1|37.35351|-121.89261
158|1|1|37.7898|-122.38975
159|1|1|37.44335|-122.16111
160|1|1|33.61226|-117.71165
161|1|1|32.76701|-117.15415
162|1|1|33.80815|-117.87066
163|1|1|34.14645|-118.15137
164|1|2|34.20946|-118.35488
164|2|2|34.20946|-118.35488
165|1|1|38.7836224|-120.8919212
166|1|1|39.10061|-120.9648
167|1|1|36.72707|-119.79066
168|1|1|34.62014|-120.18769
169|1|1|35.59588|-120.69413
170|1|1|37.37743|-122.03027
171|1|1|32.88716|-117.15129
172|1|1|32.83446|-116.77569
173|1|1|39.32188|-120.16331
174|1|1|39.84178|-121.57856
175|1|1|37.38735|-121.99259
176|1|1|41.45699|-122.89181
177|1|1|36.68006|-121.80372
178|1|1|37.75871|-122.43915
179|1|3|37.1305|-121.65511
179|2|3|37.1305|-121.65511
179|3|3|37.1305|-121.65511
180|1|1|37.14637|-121.62237
181|1|1|38.74879|-120.67197
182|1|1|40.5793|-124.15301
183|1|1|34.11505|-118.24352
184|1|1|37.95128|-122.02823
185|1|1|37.97802|-122.03474
186|1|1|37.71646|-122.17919
187|1|1|38.29878|-122.2848
188|1|1|35.27895|-120.66342
189|1|1|37.52168|-122.26576
190|1|1|38.2363231|-122.6387456
191|1|1|34.10909|-117.69175
192|1|1|35.27947|-120.66481
193|1|1|34.16785|-118.1594351
194|1|1|32.69779|-117.17336
195|1|1|36.46242|-121.81971
196|1|1|32.71067|-117.16132
197|1|1|35.28596|-120.65548
198|1|1|36.53698|-121.90873
199|1|1|32.91217|-117.14818
200|1|1|38.5766117|-122.5796996
201|1|1|34.09435|-118.12792
202|1|1|39.7245|-121.84811
203|1|1|37.5800039|-122.3461031
204|1|1|37.67392|-122.08147
205|1|1|37.97338|-122.52899
206|1|1|34.41179|-119.69588
207|1|1|32.65191|-116.95395
208|1|1|38.94659|-119.96166
209|1|1|36.32989|-119.29065
210|1|1|33.6583473|-118.0012813
211|1|1|33.7225|-118.00174
212|1|1|38.58051|-121.4864
213|1|1|33.1950701|-117.3790501
214|1|1|38.67728|-121.224
215|1|1|37.12327|-122.12121
216|1|1|37.12327|-122.12121
217|1|1|33.86963|-117.92845
218|1|1|34.05322|-118.25601
219|1|1|38.25896|-122.05926
220|1|1|32.7634895|-117.1200147
221|1|1|33.51854|-117.16959
222|1|1|33.75943|-118.13364
223|1|1|33.6582|-118.00022
224|1|1|35.3501216|-119.1213901
225|1|1|33.73471|-117.99487
226|1|1|34.18718|-118.59682
227|1|1|34.06293|-118.44726
228|1|1|34.1621401|-118.8246453
229|1|1|34.0731|-117.88381
230|1|1|34.41737|-118.56137
231|1|1|33.51963|-117.15586
232|1|1|34.06532|-117.26479
233|1|1|34.07785|-117.55358
234|1|1|34.2371055|-119.1804169
235|1|1|33.93942|-117.26266
236|1|1|32.77968|-117.01103
237|1|1|33.61226|-117.71165
238|1|1|33.5422236|-117.7834918
239|1|1|32.8685628|-117.2334629
240|1|1|33.7294758|-117.7877493
241|1|1|33.72973|-117.9886
242|1|1|33.82449|-117.51745
243|1|1|33.8658249|-118.09813
244|1|1|34.17889|-118.30976
245|1|1|33.9132|-117.88936
246|1|1|33.60154|-117.89946
247|1|1|34.13969|-118.02229
248|1|1|38.76802|-121.26519
249|1|1|37.86344|-122.25901
250|1|1|37.86635|-122.25167
251|1|1|34.2391|-116.92356
252|1|1|37.37743|-122.03027
253|1|1|33.75936|-118.14817
254|1|1|38.6111854|-122.8709586
255|1|1|32.84085|-117.27412
256|1|1|37.77042|-122.5108
257|1|1|33.6843|-117.85072
258|1|1|32.89851|-117.11079
259|1|1|33.20019|-117.24442
260|1|1|33.70798|-116.28522
261|1|1|33.8837735|-117.5653415
262|1|1|33.5638338|-117.64622
263|1|1|33.87714|-117.75325
264|1|1|33.8882251|-117.8267398
265|1|1|33.78899|-117.83362
266|1|1|33.6721881|-117.9516239
267|1|1|33.7168|-118.00569
268|1|1|33.70847|-117.80457
269|1|1|33.7052564|-117.7868062
270|1|1|33.74128|-116.41203
271|1|1|38.89539|-121.07847
272|1|1|34.21951|-118.47894
273|1|1|33.8421649|-118.2887724
274|1|1|39.00137|-123.35593
275|1|1|37.76311|-122.40095
276|1|1|34.28053|-119.2936
277|1|1|37.87098|-122.50096
278|1|1|32.83542|-116.75918
279|1|1|32.89212|-117.14483
280|1|1|37.95128|-122.02823
281|1|1|33.78324|-117.89294
282|1|1|33.74696|-117.86729
283|1|1|37.78253|-122.39249
284|1|1|36.17549|-115.14466
285|1|1|36.20573|-115.25146
286|1|1|39.33855|-120.18002
287|1|1|36.1435116|-115.2640471
288|1|1|39.51376|-119.80595
289|1|1|41.10109|-114.95472
290|1|1|36.10433|-115.17602
291|1|1|36.17193|-115.14001
292|1|1|39.53511|-119.75411
293|1|1|36.11689|-115.15575
294|1|1|36.11308|-115.16326
295|1|2|35.15842|-114.57312
295|2|2|35.1250968|-114.6265193
296|1|1|36.14757|-115.29821
297|1|1|39.52944|-119.81449
298|1|1|35.97838|-114.83676
299|1|1|39.40561|-119.74889
300|1|1|36.24258|-115.23644
301|1|1|36.07208|-115.07535
302|1|1|42.82026|-108.74408
303|1|1|43.47672|-110.76538
304|1|1|41.13182|-104.81422
305|1|1|44.80102|-106.95542
306|1|1|41.30974|-105.57549
307|1|1|43.589|-110.82664
308|1|1|41.58673|-109.21782
309|1|1|41.3108562|-105.5951416
310|1|1|31.22261|-85.3904
311|1|2|34.73257|-86.58558
311|2|2|34.7312299|-86.5894768
312|1|1|32.60797|-85.48086
313|1|1|30.69098|-88.04372
314|1|1|33.51779|-86.78691
315|1|1|34.01555|-86.00571
316|1|1|41.80938|-72.71065
317|1|1|41.0538297|-73.5405895
318|1|1|41.13958|-73.27759
319|1|1|41.27723|-72.83688
320|1|1|41.7852|-72.60082
321|1|1|41.10088|-73.41829
322|1|1|41.3388367|-72.9813634
323|1|1|41.37012|-71.83369
324|1|1|41.76806|-72.67283
325|1|1|41.96584|-72.79299
326|1|1|41.80224|-73.12077
327|1|1|41.6003051|-93.766432
328|1|1|41.58406|-93.62961
329|1|1|42.0248|-93.61469
330|1|1|41.79671|-91.86561
331|1|1|40.63018|-91.31072
332|1|1|42.3151|-93.57428
333|1|1|41.57328|-90.51485
334|1|1|42.02512|-91.62144
335|1|1|41.6005549|-93.7945043
336|1|1|40.7665|-95.37582
337|1|1|41.5855|-93.62099
338|1|1|41.56864|-93.63177
339|1|1|42.50056|-92.38824
340|1|1|38.77418|-90.48447
341|1|1|38.7066|-91.43304
342|1|1|38.61286|-90.31506
343|1|1|38.61698|-90.21093
344|1|1|37.20772|-93.29587
345|1|1|38.80586|-90.75337
346|1|1|38.63074|-90.18476
347|1|1|39.05333|-94.59164
348|1|1|38.56479|-90.24585
349|1|1|38.66846|-91.31918
350|1|1|38.61725|-90.44381
351|1|1|39.24824|-94.66037
352|1|1|38.95001|-92.33228
353|1|1|37.7795|-90.19103
354|1|1|37.75746|-90.15045
355|1|1|39.08214|-94.59662
356|1|1|36.97501|-93.7212
357|1|1|39.34175|-91.19347
358|1|1|38.57051|-90.88035
359|1|1|38.59787|-90.2099
360|1|1|38.99287|-94.59586
361|1|1|41.28487|-96.00647
362|1|1|41.23334|-96.18152
363|1|1|41.2548|-95.93077
364|1|1|40.92632|-98.33939
365|1|1|40.69679|-99.08083
366|1|1|40.5058849|-96.707239
367|1|1|40.10944|-96.19021
368|1|1|41.1345697|-96.0270259
369|1|1|40.8567|-96.63493
370|1|1|40.75538|-96.63886
371|1|1|41.23283|-96.08298
372|1|1|40.8135368|-96.6363972
373|1|1|41.26809|-96.0708
374|1|1|41.42964|-97.36258
375|1|1|40.81553|-96.71052
376|1|1|61.23004|-149.84469
377|1|1|61.23004|-149.84469
378|1|1|59.4598813|-135.3143882
379|1|1|64.84833|-147.82956
380|1|1|61.19043|-149.86848
381|1|1|61.15399|-149.89166
382|1|1|57.79078|-152.40731
383|1|1|60.49361|-151.07025
384|1|1|60.66337|-151.30827
385|1|1|59.64014|-151.50636
386|1|1|61.21785|-149.89643
387|1|1|60.94104|-149.16993
388|1|1|62.7369|-148.31025
389|1|1|58.35703|-134.48949
390|1|1|32.3412107|-111.0129849
391|1|1|33.50953|-112.06866
392|1|1|33.7269149|-111.85472
393|1|1|33.5822149|-111.8951786
394|1|1|33.31796|-111.97564
395|1|1|33.67644|-111.97357
396|1|1|33.63881|-112.22348
397|1|1|34.5422|-112.46967
398|1|1|33.7269149|-111.85472
399|1|1|33.4655251|-111.9284623
400|1|1|33.45228|-112.11356
401|1|1|33.6673251|-112.20163
402|1|1|33.6397|-111.89152
403|1|1|34.86635|-111.79587
404|1|1|34.86263|-111.76316
405|1|1|32.24472|-110.8545
406|1|1|34.46855|-114.34114
407|1|1|35.21854|-111.58663
408|1|2|33.4423549|-111.9238993
408|2|2|33.4423549|-111.9238993
409|1|1|32.23184|-110.95804
410|1|1|33.4199|-111.91504
411|1|1|35.19745|-111.64848
412|1|1|31.409|-109.87965
413|1|1|31.399338|-109.9241925
414|1|1|32.0179|-110.70256
415|1|1|33.83149|-111.94564
416|1|1|33.44858|-112.07191
417|1|1|33.3196451|-111.9444063
418|1|1|33.3050751|-111.963325
419|1|1|35.19655|-111.65144
420|1|1|32.21443|-110.95955
421|1|1|34.47146|-114.34994
422|1|2|33.42515|-111.93693
422|2|2|33.49651|-111.93154
423|1|1|33.38312|-111.96448
424|1|1|34.74332|-92.28214
425|1|1|36.06179|-94.16034
426|1|1|36.06657|-94.16523
427|1|1|34.74722|-92.2836
428|1|1|36.12324|-94.09373
429|1|1|34.74765|-92.26468
430|1|1|34.74765|-92.26468
431|1|1|39.9620149|-105.5097367
432|1|1|40.01702|-105.28046
433|1|1|39.6434609|-106.3803189
434|1|1|40.41662|-104.69054
435|1|1|39.5675724|-104.9045149
436|1|1|40.02053|-105.25118
437|1|1|39.22411|-106.00222
438|1|1|37.17094|-104.50138
439|1|1|39.74158|-105.51786
440|1|1|39.7463501|-105.0072498
441|1|1|37.67801|-106.35431
442|1|1|39.65465|-104.9935
443|1|1|38.8695|-106.98633
444|1|1|37.959|-107.85175
445|1|1|39.761692|-104.9897751
446|1|1|37.23447|-107.59707
447|1|1|37.27235|-107.88002
448|1|1|40.48379|-106.83138
449|1|1|39.72134|-105.19431
450|1|1|40.4603017|-106.8039084
451|1|1|39.9841998|-105.2489004
452|1|1|39.06697|-108.56582
453|1|1|39.60369|-106.5138
454|1|1|37.93569|-107.8115
455|1|1|40.39704|-104.69736
456|1|1|39.74001|-104.99202
457|1|1|37.24393|-107.87885
458|1|1|37.8129365|-107.663398
459|1|1|39.6958952|-105.7290185
460|1|1|38.84089|-104.76742
461|1|1|38.26961|-104.6078
462|1|1|39.7556707|-104.9927714
463|1|1|37.46844|-105.86684
464|1|1|37.93683|-107.81622
465|1|1|39.53283|-107.78677
466|1|1|39.24956|-106.2913
467|1|1|39.40917|-104.86983
468|1|1|38.8413044|-104.7157251
469|1|1|39.06697|-108.56582
470|1|1|40.02668|-105.24799
471|1|1|39.88948|-105.06947
472|1|1|39.56778|-104.87389
473|1|1|39.74794|-104.9945
474|1|1|38.87988|-104.71717
475|1|1|40.4108721|-104.9876527
476|1|1|40.02478|-105.24353
477|1|1|40.01877|-105.27922
478|1|1|40.51962|-105.08533
479|1|1|37.2455151|-103.3552664
480|1|1|40.16872|-105.10204
481|1|1|39.62808|-106.0465
482|1|1|39.99704|-104.7995
483|1|1|40.0001983|-104.8123191
484|1|1|38.32396|-104.55003
485|1|1|40.39704|-104.69736
486|1|1|39.73698|-104.99087
487|1|1|39.97663|-105.13037
488|1|1|38.79491|-104.77819
489|1|1|38.83429|-104.82484
490|1|1|39.91828|-105.50285
491|1|1|38.82655|-104.82706
492|1|1|39.07694|-108.37004
493|1|1|37.25473|-107.07968
494|1|1|38.02259|-107.6716049
495|1|1|40.22433|-105.26789
496|1|1|38.9433261|-105.1519095
497|1|1|39.8032|-105.0697
498|1|2|40.58521|-105.04979
498|2|2|40.5891329|-105.0485051
499|1|1|40.5889|-105.06025
500|1|1|40.02053|-105.25118
501|1|1|40.01577|-105.2812
502|1|1|39.76212|-105.01098
503|1|1|39.9913998|-105.2572458
504|1|1|40.59341|-105.06687
505|1|1|40.39517|-105.07497
506|1|1|39.58241|-105.0729549
507|1|1|40.01916|-105.2753
508|1|1|39.8867128|-105.7603591
509|1|1|39.61287|-105.01629
510|1|1|39.7507619|-104.9851677
511|1|1|38.44046|-105.2416
512|1|1|40.14977|-104.9226
513|1|1|37.34846|-108.58458
514|1|1|40.48379|-106.83138
515|1|1|39.7966192|-104.9826729
516|1|1|39.40215|-107.21693
517|1|1|40.3076|-105.09548
518|1|1|40.58815|-105.07478
519|1|1|40.15852|-105.11552
520|1|1|39.08534|-108.55193
521|1|1|38.83332|-104.82667
522|1|1|39.75171|-104.9902
523|1|1|39.7044923|-105.1374227
524|1|1|38.26961|-104.6078
525|1|1|38.53519|-105.99162
526|1|1|38.83337|-104.82322
527|1|1|39.64246|-106.37513
528|1|1|38.48808|-107.8513
529|1|1|39.71863|-104.95004
530|1|1|39.71863|-104.95004
531|1|1|39.6095151|-105.0851751
532|1|1|39.88546|-104.99069
533|1|1|39.73352|-105.16243
534|1|1|39.78548|-104.99359
535|1|1|38.54243|-106.00227
536|1|1|39.9085998|-105.0219646
537|1|1|40.4603017|-106.8039084
538|1|1|39.88098|-105.76054
539|1|1|39.65365|-105.04952
540|1|1|38.54524|-106.92668
541|1|1|39.48873|-104.92208
542|1|2|40.29957|-106.96129
542|2|2|39.60819|-105.95522
543|1|1|39.7539|-104.98846
544|1|1|40.2518862|-105.8461298
545|1|1|39.61899|-106.64384
546|1|1|39.9299071|-105.131157
547|1|1|39.7546|-105.22343
548|1|1|39.54759|-107.32314
549|1|1|37.34846|-108.58458
550|1|1|40.58344|-105.04338
551|1|1|39.18826|-106.81916
552|1|1|39.75891|-104.98862
553|1|1|40.42304|-104.69013
554|1|1|40.02432|-105.23769
555|1|1|39.68413|-104.90916
556|1|1|40.3716821|-105.5245775
557|1|1|39.91012|-105.07385
558|1|1|38.87003|-106.9868
559|1|3|38.84231|-106.12056
559|2|3|38.7553797|-106.4796931
559|3|3|38.6053604|-106.5244725
560|1|1|37.29766|-107.87165
561|1|1|39.65262|-104.81211
562|1|1|39.80036|-105.51226
563|1|1|37.47355|-108.50469
564|1|1|40.59746|-105.07615
565|1|1|39.62751|-106.06027
566|1|1|39.75534|-104.99719
567|1|1|39.67686|-105.00508
568|1|1|38.8695|-106.98633
569|1|1|40.43196|-104.68852
570|1|1|39.75946|-105.21864
571|1|1|39.92098|-105.09838
572|1|1|40.58737|-105.07582
573|1|1|39.61198|-105.01942
574|1|1|39.91663|-104.9808
575|1|1|39.75534|-104.99719
576|1|1|38.79501|-104.77703
577|1|1|39.80232|-105.08409
578|1|1|39.69726|-104.95613
579|1|1|39.74789|-104.9989
580|1|1|37.2748|-107.87979
581|1|2|39.91408|-105.02974
581|2|2|39.91408|-105.02974
582|1|1|39.56266|-104.98847
583|1|1|40.57425|-105.10251
584|1|1|39.59729|-104.8954
585|1|1|39.92809|-105.13384
586|1|1|39.70325|-104.93253
587|1|1|40.3782949|-104.969936
588|1|1|39.75769|-104.9876
589|1|1|38.80977|-104.82573
590|1|1|39.7236|-105.00061
591|1|1|39.7563|-104.99125
592|1|1|39.47626|-106.04394
593|1|1|40.02668|-105.24799
594|1|1|39.15915|-108.73267
595|1|2|39.75018|-105.21164
595|2|2|39.7267|-105.19097
596|1|1|40.01806|-105.28067
597|1|1|39.74421|-104.99045
598|1|1|40.57388|-105.1025
599|1|1|39.59729|-104.8954
600|1|1|40.01901|-105.28132
601|1|1|37.93688|-107.8121
602|1|1|39.57642|-106.09293
603|1|1|38.87888|-104.81635
604|1|1|38.83332|-104.82667
605|1|1|40.01609|-105.21863
606|1|1|39.7966192|-104.9826729
607|1|1|40.05935|-105.20596
608|1|1|38.83694|-104.78116
609|1|1|40.6202|-105.00594
610|1|1|38.53519|-105.99162
611|1|1|39.5626856|-104.8727748
612|1|1|39.7206|-105.24182
613|1|1|39.78545|-75.60247
614|1|1|39.631604|-75.6628251
615|1|1|39.72798|-75.55864
616|1|1|39.1552962|-75.4873473
617|1|1|39.752968|-75.5777391
618|1|1|39.68307|-75.74704
619|1|1|39.7329661|-75.5617802
620|1|1|39.1552962|-75.4873473
621|1|1|38.7714385|-75.3120297
622|1|1|38.71527|-75.08707
623|1|1|39.68307|-75.74704
624|1|1|39.77753|-75.59591
625|1|1|39.68457|-75.73581
626|1|1|38.67896|-75.3782
627|1|1|28.37082|-81.27912
628|1|1|30.16983|-85.70287
629|1|1|27.15347|-80.21578
630|1|1|30.29062|-81.39019
631|1|1|25.71067|-80.28294
632|1|1|30.3253973|-81.6598575
633|1|2|26.9650517|-80.0852497
633|2|2|26.9589801|-80.0845503
634|1|1|25.74976|-80.26115
635|1|1|25.70205|-80.34901
636|1|1|27.96137|-82.44136
637|1|1|29.62488|-82.38912
638|1|1|28.94121|-81.94982
639|1|1|25.76615|-80.13388
640|1|1|30.2616|-81.55381
641|1|1|27.25973|-82.51616
642|1|2|30.40326|-86.61085
642|2|2|30.4043235|-86.6189448
643|1|2|30.40326|-86.61085
643|2|2|30.4043235|-86.6189448
644|1|1|30.31866|-81.66126
645|1|1|30.3247749|-81.3963179
646|1|1|28.02238|-82.78426
647|1|2|30.1818547|-85.8153474
647|2|2|30.1953249|-85.8088875
648|1|1|28.52642|-81.38284
649|1|1|28.48819|-81.33025
650|1|1|28.17905|-80.66915
651|1|1|27.96076|-82.44484
652|1|1|26.10276|-80.13955
653|1|1|27.18348|-80.24119
654|1|1|28.59285|-81.35355
655|1|1|28.47762|-81.45837
656|1|1|26.57298|-81.8711
657|1|1|25.8644|-80.34756
658|1|1|30.39597|-86.51162
659|1|1|30.41822|-87.20183
660|1|1|29.65118|-82.32642
661|1|1|27.53263|-82.73186
662|1|1|27.73845|-81.80471
663|1|1|24.567|-81.7696
664|1|1|24.55733|-81.80527
665|1|1|26.92148|-80.10202
666|1|1|26.82345|-80.08449
667|1|1|28.07071|-80.60125
668|1|1|26.12095|-80.14588
669|1|1|26.70632|-80.11227
670|1|1|27.81093|-82.75523
671|1|1|28.8107|-81.33635
672|1|1|28.30358|-82.70261
673|1|1|26.27423|-80.09784
674|1|1|26.00841|-80.30375
675|1|1|30.1863|-81.72933
676|1|1|29.16874|-82.16645
677|1|1|28.05358|-82.44559
678|1|1|26.58637|-81.87172
679|1|1|28.4502|-81.39003
680|1|1|25.64661|-80.33855
681|1|1|26.26272|-80.25063
682|1|1|26.53269|-80.09116
683|1|1|28.68334|-81.41764
684|1|1|29.62107|-82.38012
685|1|1|30.19959|-81.6206
686|1|1|28.14995|-82.36456
687|1|1|27.94835|-82.50535
688|1|1|28.07676|-82.50443
689|1|1|28.07251|-82.73969
690|1|1|27.97766|-81.95772
691|1|1|27.94364|-82.73097
692|1|1|27.46017|-82.57578
693|1|1|28.10155|-82.69322
694|1|1|24.55884|-81.80476
695|1|1|25.76198|-80.19087
696|1|1|28.51533|-81.38748
697|1|1|28.02605|-82.73924
698|1|1|28.53102|-81.40892
699|1|1|28.07071|-80.60125
700|1|1|28.06947|-81.78196
701|1|1|25.83122|-80.32642
702|1|1|28.01408|-82.78757
703|1|1|28.0642|-81.78903
704|1|1|25.79841|-80.31955
705|1|1|25.77573|-80.13444
706|1|1|28.04864|-82.42415
707|1|1|28.32133|-80.60916
708|1|1|25.78072|-80.13086
709|1|1|27.95866|-82.5093
710|1|1|28.21341|-80.67338
711|1|1|28.1385151|-80.5835819
712|1|1|30.47491|-84.23571
713|1|1|28.10155|-82.69322
714|1|1|26.70662|-80.05697
715|1|1|26.36774|-80.12666
716|1|1|26.10084|-80.26072
717|1|1|25.8664356|-80.3404727
718|1|1|28.60236|-81.36098
719|1|1|30.18492|-81.60926
720|1|1|28.3667121|-81.5536948
721|1|1|26.25365|-80.2537
722|1|1|28.47762|-81.45837
723|1|1|30.4318|-81.64804
724|1|1|25.78906|-80.14014
725|1|1|29.8919|-81.31112
726|1|1|34.0852594|-84.3553122
727|1|1|33.77235|-84.29466
728|1|1|32.61785|-83.65465
729|1|1|32.86712|-83.65852
730|1|1|33.98055|-83.39676
731|1|1|33.80808|-84.38119
732|1|2|33.93313|-84.55987
732|2|2|33.9188918|-84.5821316
733|1|1|31.16621|-81.41702
734|1|1|33.58138|-85.07554
735|1|1|33.84376|-84.37242
736|1|1|33.99934|-84.43869
737|1|2|33.90883|-84.37899
737|2|2|33.90883|-84.37899
738|1|1|33.78193|-84.3712
739|1|1|32.08091|-81.09206
740|1|1|33.90871|-84.30539
741|1|1|32.08091|-81.09206
742|1|1|31.586459|-84.0814484
743|1|1|34.06682|-83.98465
744|1|1|33.76337|-84.38708
745|1|1|33.764245|-84.5167579
746|1|1|34.01913|-84.31391
747|1|1|33.83826|-84.38032
748|1|1|33.38692|-84.28221
749|1|1|34.31767|-84.9355751
750|1|1|33.77784|-84.3848
751|1|1|33.78255|-84.35937
752|1|2|33.62011|-84.53937
752|2|2|33.82075|-84.32645
753|1|1|33.80487|-84.4292
754|1|1|33.76406|-84.33274
755|1|1|34.5332|-83.98448
756|1|1|33.95889|-83.37667
757|1|1|32.46636|-84.99372
758|1|1|33.50986|-84.23007
759|1|1|33.42285|-84.55936
760|1|1|34.18267|-84.13546
761|1|1|34.06372|-84.25277
762|1|1|33.95996|-83.37725
763|1|1|33.76485|-84.39768
764|1|1|33.78793|-84.3901
765|1|1|33.81841|-84.43458
766|1|2|33.83751|-84.38073
766|2|2|33.83751|-84.38073
767|1|1|33.95942|-83.37439
768|1|1|34.26074|-84.78359
769|1|1|33.7786|-84.41066
770|1|2|34.2365916|-84.489708
770|2|2|34.2360428|-84.4911079
771|1|1|33.90883|-84.37899
772|1|1|34.06372|-84.25277
773|1|1|21.31364|-157.86937
774|1|1|21.29114|-157.66767
775|1|1|19.71924|-155.08186
776|1|1|19.70603|-155.06915
777|1|1|20.97255|-156.67768
778|1|1|20.87975|-156.67847
779|1|1|20.74543|-156.3072
780|1|1|19.6426491|-155.9969986
781|1|1|21.30711|-157.86644
782|1|1|21.31364|-157.86937
783|1|4|42.5590221|-114.4760479
783|2|4|42.5512483|-114.4659351
783|3|4|42.5525944|-114.4640063
783|4|4|42.560492|-114.4743045
784|1|1|46.7326347|-117.0308635
785|1|1|43.6831185|-114.3625129
786|1|1|43.6267779|-116.2404946
787|1|1|43.61121|-116.20654
788|1|1|43.521|-114.31594
789|1|1|43.61193|-116.24308
790|1|1|43.5753268|-116.2742449
791|1|1|43.79543|-114.44792
792|1|1|43.6045|-116.19241
793|1|1|42.85982|-112.44328
794|1|1|48.27639|-116.54992
795|1|1|43.5922308|-111.1011144
796|1|1|46.4144|-117.00021
797|1|1|48.27541|-116.54723
798|1|1|44.90882|-116.09699
799|1|1|48.3964304|-116.264134
800|1|1|43.46993|-112.03483
801|1|1|43.64243|-116.20865
802|1|1|43.5922308|-111.1011144
803|1|1|43.66598|-116.68914
804|1|1|47.70829|-116.89553
805|1|1|43.69386|-116.33258
806|1|1|42.55616|-114.46992
807|1|1|47.67449|-116.78365
808|1|1|47.67457|-116.78369
809|1|1|43.49598|-112.04507
810|1|1|45.1752174|-113.8931481
811|1|1|41.82265|-88.18636
812|1|1|41.94045|-87.65451
813|1|1|42.07099|-88.1443
814|1|1|41.78038|-88.14351
815|1|1|41.83892|-87.99854
816|1|1|41.88769|-88.30824
817|1|1|41.74054|-87.95296
818|1|4|41.2647431|-89.248212
818|2|4|41.2645549|-89.2314439
818|3|4|41.3799023|-89.2144029
818|4|4|41.2647049|-89.254611
819|1|1|41.945|-87.64741
820|1|1|41.89143|-87.62827
821|1|1|41.83829|-88.0106
822|1|1|41.80296|-88.17145
823|1|1|38.53327|-89.98096
824|1|1|41.90494|-87.63595
825|1|1|41.89606|-87.65086
826|1|1|41.92085|-87.70161
827|1|1|42.15114|-87.91453
828|1|1|42.05409|-88.03092
829|1|1|42.03459|-88.28189
830|1|1|41.91028|-87.67618
831|1|1|41.88425|-87.63245
832|1|1|41.9172707|-87.9269495
833|1|1|41.7200203|-88.0073853
834|1|1|42.18771|-88.18292
835|1|1|39.93337|-91.40945
836|1|1|42.05199|-87.97775
837|1|1|38.592|-89.95833
838|1|1|37.90861|-88.89896
839|1|1|42.07047|-88.14238
840|1|1|42.2872|-87.95394
841|1|1|41.88425|-87.63245
842|1|1|41.97503|-87.67401
843|1|1|42.09832|-88.27709
844|1|1|41.89011|-87.97663
845|1|1|42.2872|-87.95394
846|1|1|42.41753|-90.42579
847|1|1|42.45139|-88.30624
848|1|1|40.68572|-89.59477
849|1|1|40.10971|-88.23178
850|1|1|38.592|-89.95833
851|1|1|40.47893|-88.99506
852|1|1|41.60304|-87.85247
853|1|1|41.95938|-87.68215
854|1|1|42.2411399|-88.9765463
855|1|1|42.17773|-88.3362
856|1|1|41.7203836|-88.0438168
857|1|1|41.94647|-87.65563
858|1|2|41.88713|-87.67233
858|2|2|41.8866692|-87.6936577
859|1|1|41.91375|-87.65432
860|1|1|41.92755|-87.68154
861|1|1|41.87495|-88.06651
862|1|1|42.41753|-90.42579
863|1|1|42.41455|-90.43466
864|1|1|41.79258|-88.01047
865|1|1|41.54301|-87.67883
866|1|1|42.2026|-87.93124
867|1|1|37.97792|-87.58251
868|1|1|42.09839|-88.27836
869|1|1|41.79258|-88.01047
870|1|1|40.77473|-89.91656
871|1|1|41.98571|-87.66677
872|1|1|40.50577|-88.95824
873|1|1|37.71766|-89.20705
874|1|1|41.91559|-87.66678
875|1|1|42.26891|-89.09067
876|1|1|39.79535|-89.65518
877|1|1|42.1128|-88.04644
878|1|1|41.50626|-90.51654
879|1|1|41.90362|-88.03469
880|1|1|41.93057|-88.75147
881|1|1|41.51172|-90.57437
882|1|1|41.70319|-87.67332
883|1|1|41.50603|-90.51711
884|1|1|41.76047|-88.30889
885|1|1|41.06291|-85.33268
886|1|1|39.17352|-86.53741
887|1|1|41.5357|-87.51658
888|1|1|39.36136|-87.38388
889|1|1|39.76926|-86.14525
890|1|1|41.71957|-86.90585
891|1|1|39.7673|-86.15855
892|1|1|39.76484|-86.16027
893|1|1|39.20255|-85.92174
894|1|1|39.61513|-86.09082
895|1|1|38.32803|-85.81723
896|1|1|41.66251|-85.94398
897|1|1|41.69397|-86.18279
898|1|1|37.9814216|-87.5640728
899|1|1|41.0675|-85.15325
900|1|1|37.97124|-87.57102
901|1|1|40.4194|-86.88996
902|1|1|39.81579|-86.01162
903|1|1|40.43636|-86.12842
904|1|1|39.13579|-84.93057
905|1|1|39.92702|-86.16008
906|1|1|41.09464|-85.11932
907|1|1|39.90675|-86.05338
908|1|1|39.46221|-87.40467
909|1|1|39.87044|-86.14128
910|1|1|39.87362|-86.14286
911|1|1|39.17171|-86.51099
912|1|1|39.5126052|-87.1336848
913|1|1|40.04532|-86.01554
914|1|1|41.60517|-86.71526
915|1|1|39.76498|-86.15909
916|1|1|39.19734|-96.50917
917|1|1|37.68207|-95.45203
918|1|1|38.91504|-94.6683
919|1|1|37.68743|-97.32722
920|1|1|38.88589|-94.79547
921|1|1|38.96466|-94.66534
922|1|1|38.63918|-98.66762
923|1|1|37.68334|-97.33331
924|1|1|39.19106|-96.6094
925|1|1|38.97016|-95.23614
926|1|1|39.3168|-94.91079
927|1|1|37.6283863|-97.781369
928|1|1|38.88589|-94.79547
929|1|1|37.72415|-97.22554
930|1|1|37.73113|-97.46377
931|1|1|38.91222|-94.75967
932|1|1|39.12424|-94.82393
933|1|1|38.87203|-99.32949
934|1|1|38.97176|-95.23565
935|1|1|38.94894|-95.22645
936|1|1|38.99876|-94.70389
937|1|1|38.93492|-94.66886
938|1|1|39.00049|-95.68399
939|1|1|38.91639|-94.64358
940|1|1|39.0487029|-95.6747875
941|1|1|38.94303|-95.28108
942|1|1|38.24596|-85.73238
943|1|1|39.0438059|-84.572452
944|1|1|38.25644|-85.72663
945|1|1|38.04989|-84.50953
946|1|1|38.26973|-85.65262
947|1|1|39.0948|-84.49427
948|1|1|38.23086|-85.70552
949|1|1|38.25566|-85.74557
950|1|1|38.25566|-85.74557
951|1|1|38.25464|-85.74007
952|1|1|38.25304|-85.65385
953|1|1|38.04989|-84.50953
954|1|1|32.38248|-93.72489
955|1|1|29.96319|-90.15877
956|1|1|30.40449|-90.15583
957|1|1|29.91674|-90.11692
958|1|1|30.21158|-89.78712
959|1|1|30.26826|-91.93447
960|1|1|29.79763|-90.82017
961|1|1|30.47771|-90.09714
962|1|1|29.9481|-90.0651
963|1|1|29.94631|-90.11306
964|1|1|29.95582|-90.06407
965|1|1|30.38991|-91.92611
966|1|1|29.97577|-90.09984
967|1|1|30.47856|-90.03917
968|1|1|30.48303|-90.04821
969|1|1|45.07709|-70.21268
970|1|1|44.4468619|-70.8091305
971|1|1|44.4468619|-70.8091305
972|1|1|45.07709|-70.21268
973|1|1|43.710272|-70.3055738
974|1|1|43.82|-70.11022
975|1|1|46.6953|-68.00174
976|1|1|43.66155|-70.24849
977|1|1|44.14466|-69.60456
978|1|1|43.67916|-70.3968
979|1|1|43.63|-70.33214
980|1|1|43.67862|-70.43924
981|1|1|43.65778|-70.25382
982|1|1|44.79664|-68.77019
983|1|1|44.20972|-69.06823
984|1|1|44.10117|-69.12277
985|1|1|44.73858|-69.60774
986|1|1|44.6704196|-70.1524576
987|1|1|44.39619|-68.2264
988|1|1|43.70283|-70.31999
989|1|1|44.38897|-68.20622
990|1|1|44.28629|-69.7902
991|1|1|44.36778|-69.32855
992|1|1|43.66155|-70.24849
993|1|1|45.29249|-69.98803
994|1|1|44.220575|-69.7866824
995|1|1|43.89291|-70.00647
996|1|1|43.84577|-70.1146
997|1|1|43.6567187|-70.2528516
998|1|1|44.09733|-70.22464
999|1|1|44.0972639|-70.2251778
1000|1|1|43.87046|-70.10666
1001|1|1|43.35956|-70.47902
1002|1|1|43.70774|-70.31485
1003|1|1|43.70216|-70.31795
1004|1|1|43.96937|-70.59427
1005|1|1|44.765656|-69.7182792
1006|1|1|43.22832|-70.73847
1007|1|1|44.43087|-68.98878
1008|1|1|44.883272|-68.6720592
1009|1|1|44.32871|-68.20715
1010|1|1|44.39971|-68.33362
1011|1|1|44.33189|-69.04152
1012|1|1|43.70308|-70.31689
1013|1|1|38.97345|-77.12724
1014|1|1|38.33403|-75.80778
1015|1|1|39.27711|-76.61318
1016|1|1|39.27711|-76.61318
1017|1|1|39.27711|-76.61318
1018|1|1|38.3494031|-76.4559921
1019|1|1|39.19844|-76.8198
1020|1|1|38.98892|-77.09772
1021|1|1|39.37162|-76.46369
1022|1|1|39.2865413|-76.6177612
1023|1|2|39.21978|-76.6635
1023|2|2|39.2004624|-76.6572114
1024|1|1|39.2865413|-76.6177612
1025|1|1|39.14209|-77.19355
1026|1|1|39.3756|-77.15551
1027|1|1|39.3996328|-79.3872423
1028|1|1|39.57538|-76.9959
1029|1|1|39.00685|-77.05005
1030|1|1|39.14209|-77.19355
1031|1|1|39.0849451|-77.1507598
1032|1|1|39.27462|-76.60365
1033|1|1|39.41142|-77.40834
1034|1|1|38.95226|-76.94013
1035|1|1|38.97824|-76.49455
1036|1|1|39.41124|-77.40845
1037|1|1|39.3756|-77.15551
1038|1|1|38.45056|-75.57034
1039|1|1|39.26811|-76.79943
1040|1|1|39.44917|-76.29139
1041|1|1|38.97824|-76.49455
1042|1|1|39.23084|-76.67513
1043|1|1|39.55585|-77.04125
1044|1|1|38.98005|-76.54311
1045|1|1|39.3991699|-76.5452214
1046|1|1|38.97781|-76.49082
1047|1|1|39.2851|-76.61246
1048|1|1|39.2811|-76.56517
1049|1|1|39.30277|-76.61637
1050|1|1|39.41615|-77.41048
1051|1|1|39.30074|-76.81238
1052|1|1|39.38204|-77.3999
1053|1|1|39.27816|-76.82739
1054|1|1|39.28838|-76.60391
1055|1|1|39.28086|-76.55747
1056|1|1|42.55851|-71.87068
1057|1|1|42.39013|-71.50045
1058|1|1|42.56233|-70.97645
1059|1|1|42.36442|-71.06047
1060|1|1|42.36439|-71.06049
1061|1|1|42.52063|-70.89119
1062|1|1|42.32147|-71.64281
1063|1|1|42.52063|-70.89119
1064|1|1|42.35139|-71.06548
1065|1|1|42.2038|-71.00924
1066|1|1|42.36581|-71.11469
1067|1|1|42.45074|-73.25419
1068|1|1|42.1336|-72.10667
1069|1|1|42.58858|-72.60011
1070|1|1|42.4897421|-71.1864165
1071|1|1|42.20117|-72.61042
1072|1|1|42.17006|-71.19801
1073|1|1|42.77238|-70.83986
1074|1|1|42.23611|-72.72476
1075|1|1|42.37914|-71.07204
1076|1|1|42.57023|-70.93708
1077|1|1|42.27555|-71.4259
1078|1|1|42.39013|-71.50045
1079|1|1|41.45588|-70.55738
1080|1|1|42.31742|-72.63026
1081|1|1|42.34825|-71.13431
1082|1|2|42.3738894|-71.1190049
1082|2|2|42.374911|-71.1192092
1083|1|1|42.43025|-71.61638
1084|1|1|42.10092|-72.61617
1085|1|1|42.52794|-71.14794
1086|1|1|41.94951|-70.71108
1087|1|1|42.34693|-71.03416
1088|1|1|42.2672356|-71.800971
1089|1|1|42.65103|-71.3163
1090|1|1|42.37255|-71.11962
1091|1|1|42.2990815|-71.3936705
1092|1|1|42.67259|-70.84387
1093|1|1|42.3610439|-72.4869628
1094|1|1|42.77268|-71.08521
1095|1|1|42.34693|-71.03416
1096|1|1|42.57578|-71.99715
1097|1|1|42.35711|-71.05207
1098|1|1|42.6952698|-70.8517234
1099|1|1|42.2764666|-71.7176433
1100|1|1|42.45852|-71.39646
1101|1|1|42.65049|-71.31648
1102|1|1|42.36364|-71.06129
1103|1|1|42.03005|-70.6799
1104|1|1|42.6559651|-70.9128637
1105|1|1|41.2636|-70.13143
1106|1|1|41.67835|-70.31093
1107|1|1|42.61022|-70.66639
1108|1|1|42.36657|-71.09019
1109|1|1|41.56777|-71.05017
1110|1|1|42.31742|-72.63026
1111|1|1|42.65049|-71.31648
1112|1|1|41.4577191|-70.5575767
1113|1|1|42.45074|-73.25419
1114|1|1|42.37425|-71.12055
1115|1|1|42.49421|-71.01496
1116|1|1|42.35139|-71.06548
1117|1|1|42.3472|-71.099
1118|1|1|42.3142|-71.10352
1119|1|1|42.34425|-71.03312
1120|1|1|42.15051|-71.10366
1121|1|1|42.47868|-72.60941
1122|1|1|42.2149632|-73.343834
1123|1|1|42.34939|-71.0811
1124|1|1|42.381148|-71.0533238
1125|1|1|42.45074|-73.25419
1126|1|1|42.376123|-72.5200049
1127|1|1|42.64902|-85.28741
1128|1|1|46.54258|-87.39275
1129|1|1|42.79174|-86.10793
1130|1|1|43.60816|-83.86631
1131|1|1|44.86674|-85.42545
1132|1|1|42.71731|-84.42928
1133|1|1|42.35091|-83.06599
1134|1|1|46.41898|-85.55613
1135|1|1|42.20239|-83.15132
1136|1|1|44.97627|-85.21036
1137|1|1|42.63211|-82.97363
1138|1|1|42.91599|-85.54852
1139|1|1|42.6656|-86.16644
1140|1|1|43.71945|-84.39
1141|1|1|42.48751|-83.14244
1142|1|1|42.79029|-86.09884
1143|1|1|42.68064|-83.1308
1144|1|1|42.94735|-83.72279
1145|1|1|47.24648|-88.45338
1146|1|1|42.97561|-82.42229
1147|1|1|42.2916409|-85.5816477
1148|1|1|42.16811|-85.84939
1149|1|1|43.07696|-86.21223
1150|1|1|44.76436|-85.62868
1151|1|1|42.79|-86.10439
1152|1|1|43.60417|-84.95003
1153|1|1|42.35166|-83.06584
1154|1|1|41.92021|-86.45766
1155|1|1|42.71962|-85.47276
1156|1|1|42.6616|-84.19465
1157|1|1|44.78147|-85.58616
1158|1|1|43.60157|-83.89729
1159|1|1|42.11806|-86.45364
1160|1|1|42.48679|-83.14698
1161|1|1|47.1220939|-88.5671128
1162|1|1|42.37912|-83.46122
1163|1|1|42.27527|-83.74844
1164|1|1|30.37648|-89.44919
1165|1|1|46.6721971|-85.9851254
1166|1|1|42.52775|-83.04675
1167|1|1|42.29447|-85.57836
1168|1|2|42.64135|-83.29421
1168|2|2|42.64244|-83.2958
1169|1|1|47.122|-88.56919
1171|1|1|42.2947357|-85.5789034
1172|1|1|42.33748|-83.88954
1173|1|1|46.50092|-87.6792
1174|1|1|43.9521173|-86.4479149
1175|1|1|42.27796|-84.31016
1176|1|1|42.96237|-85.67058
1177|1|1|43.01785|-85.63081
1178|1|1|45.74586|-87.05558
1179|1|1|42.46888|-83.15257
1180|1|1|42.73628|-84.48271
1181|1|1|42.2806449|-83.7494037
1182|1|1|42.56031|-82.96562
1183|1|1|42.91282|-85.57738
1184|1|1|42.33366|-83.02871
1185|1|1|43.33098|-83.7378
1186|1|1|43.33098|-83.7378
1187|1|1|42.9743|-85.67222
1188|1|1|42.25221|-83.17603
1189|1|1|45.06791|-83.43421
1190|1|1|42.45163|-82.91377
1191|1|1|42.2947357|-85.5789034
1192|1|1|42.16811|-85.84939
1193|1|1|42.49272|-82.97516
1194|1|1|42.33583|-83.04883
1195|1|1|42.38825|-82.94064
1196|1|1|42.26671|-84.96389
1197|1|1|42.49668|-83.28992
1198|1|1|42.57661|-83.44265
1199|1|1|42.23883|-85.56068
1200|1|1|45.21778|-84.82342
1201|1|1|45.21202|-85.00931
1202|1|1|42.96359|-85.67281
1203|1|1|42.2805549|-83.74704
1204|1|1|42.73407|-84.54376
1205|1|1|42.53369|-83.14583
1206|1|1|43.31472|-83.7339
1207|1|1|42.5466|-83.19562
1208|1|1|45.02172|-84.68399
1209|1|1|42.28409|-85.4529
1210|1|1|42.2947357|-85.5789034
1211|1|1|42.48663|-83.14366
1212|1|1|44.4303497|-84.1162577
1213|1|1|42.33367|-83.04219
1214|1|1|42.33715|-83.01865
1215|1|1|43.62549|-84.24477
1216|1|1|42.94457|-85.63126
1217|1|1|42.32193|-85.18555
1218|1|1|42.25026|-83.6098
1219|1|1|42.28024|-83.74781
1220|1|1|42.75606|-84.49741
1221|1|1|47.46839|-94.88123
1222|1|1|46.87476|-96.76962
1223|1|1|44.93023|-93.12451
1224|1|1|45.04285|-93.32449
1225|1|1|44.91391|-93.13963
1226|1|1|44.9636|-93.07087
1227|1|1|44.98446|-93.25457
1228|1|1|44.96409|-92.76696
1229|1|1|44.89533|-93.41852
1230|1|1|44.946225|-93.0952377
1231|1|1|44.90714|-93.16916
1232|1|1|44.97605|-93.27537
1233|1|1|44.92229|-92.90134
1234|1|1|44.97298|-93.15579
1235|1|1|45.5584951|-94.1985051
1236|1|1|44.94623|-93.16678
1237|1|1|44.9636|-93.07087
1238|1|1|44.92883|-93.12358
1239|1|1|44.97339|-93.24779
1240|1|1|44.02977|-92.74799
1241|1|1|45.00095|-93.25156
1242|1|1|44.94914|-93.28851
1243|1|1|44.93984|-93.15701
1244|1|1|44.9467|-93.09697
1245|1|1|45.09057|-93.43208
1246|1|1|45.0147729|-93.173913
1247|1|1|44.93068|-93.34932
1248|1|1|44.83667|-93.16648
1249|1|1|45.5501|-94.20663
1250|1|1|45.45873|-94.42986
1251|1|1|44.90857|-93.15375
1252|1|1|46.79224|-92.09073
1253|1|1|45.45873|-94.42986
1254|1|1|44.02183|-92.46365
1255|1|1|44.40984|-95.41036
1256|1|1|45.03611|-93.19828
1257|1|1|44.162832|-93.9712075
1258|1|1|44.0470378|-91.675783
1259|1|2|44.29069|-94.44748
1259|2|2|44.29069|-94.44748
1260|1|1|44.9636|-93.07087
1261|1|1|46.39878|-105.82251
1262|1|1|48.01613|-114.22525
1263|1|1|45.68102|-111.06143
1264|1|1|46.59774|-112.0373
1265|1|1|45.77318|-111.17001
1266|1|1|45.19216|-109.24725
1267|1|1|47.75622|-113.84851
1268|1|1|45.66799|-110.54949
1269|1|1|45.78268|-108.5061
1270|1|1|46.59931|-112.01251
1271|1|1|48.09015|-105.64234
1272|1|1|46.39878|-105.82251
1273|1|1|45.77061|-111.16683
1274|1|1|46.59774|-112.0373
1275|1|1|48.1483|-114.0082
1276|1|1|46.86559|-113.99877
1277|1|1|46.59931|-112.01251
1278|1|1|46.87538|-113.99188
1279|1|1|45.7777|-108.55386
1280|1|1|47.32865|-110.88453
1281|1|1|48.41231|-114.33705
1282|1|1|47.68597|-114.16265
1283|1|1|48.00097|-114.05669
1284|1|1|45.78043|-108.56599
1285|1|1|46.59774|-112.0373
1286|1|1|45.68449|-111.02373
1287|1|1|46.58643|-112.04161
1288|1|2|46.24721|-114.15427
1288|2|2|46.2478224|-114.1451603
1289|1|1|46.87065|-114.00603
1290|1|1|46.85322|-104.29891
1291|1|1|46.86559|-113.99877
1292|1|1|46.87257|-114.02023
1293|1|1|43.97912|-71.12143
1294|1|2|42.99437|-71.46749
1294|2|2|42.980954|-71.4652231
1295|1|1|43.03226|-70.79574
1296|1|1|43.63151|-72.31981
1297|1|1|43.08792|-70.80345
1298|1|1|43.07789|-70.75785
1299|1|1|42.83774|-71.66085
1300|1|2|42.95507|-71.2594
1300|2|2|42.9395917|-71.2717237
1301|1|1|42.74268|-71.58969
1302|1|1|44.07085|-71.14293
1303|1|2|42.99437|-71.46749
1303|2|2|42.980954|-71.4652231
1304|1|1|42.76035|-71.46531
1305|1|1|43.72765|-71.59777
1306|1|1|44.30707|-71.77389
1307|1|1|43.4002804|-71.9599188
1308|1|1|42.93216|-72.28694
1309|1|1|43.72416|-71.39228
1310|1|1|42.82215|-71.48819
1311|1|1|39.36209|-74.4388
1312|1|1|40.35025|-74.65811
1313|1|1|40.68897|-74.43475
1314|1|1|40.56899|-75.0957
1315|1|1|39.70495|-74.13505
1316|1|1|40.56899|-75.0957
1317|1|1|40.36843|-74.94773
1318|1|1|40.34746|-74.07453
1319|1|1|40.54826|-74.32642
1320|1|1|40.70076|-75.19803
1321|1|1|40.74957|-74.02665
1322|1|1|40.78448|-74.78019
1323|1|1|41.03111|-74.64019
1324|1|1|40.21573|-74.76172
1325|1|1|40.53722|-74.61779
1326|1|1|39.87356|-74.94101
1327|1|1|40.55456|-74.27717
1328|1|1|39.94692|-74.97255
1329|1|1|40.71938|-74.83607
1330|1|1|40.12294|-74.04833
1331|1|1|40.74931|-74.02336
1332|1|1|41.001981|-74.3401151
1333|1|1|40.49619|-74.44437
1334|1|1|40.35541|-74.07454
1335|1|1|39.95547|-74.87109
1336|1|1|40.65089|-74.34814
1337|1|1|40.74635|-74.25941
1338|1|1|39.90627|-74.96943
1339|1|1|40.81779|-74.21169
1340|1|1|40.87285|-74.29609
1341|1|1|40.09623|-74.10081
1342|1|1|40.65977|-74.28262
1343|1|1|39.53069|-74.64474
1344|1|1|40.36843|-74.94773
1345|1|1|41.00379|-74.29236
1346|1|1|40.71916|-74.56979
1347|1|1|40.26148|-74.0212
1348|1|1|39.97722|-74.18288
1349|1|1|40.35322|-74.07471
1350|1|1|39.37483|-74.43243
1351|1|1|40.69167|-74.1912
1352|1|1|35.24264|-106.66486
1353|1|1|35.05791|-106.61629
1354|1|1|36.72888|-108.20528
1355|1|1|35.1598489|-106.5596851
1356|1|1|34.07009|-106.893
1357|1|1|32.7746232|-108.2756045
1358|1|1|35.00047|-106.02402
1359|1|1|35.66204|-105.96529
1360|1|1|35.59643|-106.05175
1361|1|1|36.40605|-105.57326
1362|1|1|35.08488|-106.65178
1363|1|1|35.65877|-105.99381
1364|1|1|35.62191|-105.206
1365|1|1|35.16217|-106.6016
1366|1|1|36.20618|-105.96083
1367|1|1|32.28566|-106.74832
1368|1|1|32.31076|-106.74271
1369|1|1|32.30806|-106.83723
1370|1|1|32.26747|-107.75999
1371|1|1|35.08019|-106.60868
1372|1|1|32.89724|-105.93052
1373|1|1|35.13015|-106.56995
1374|1|1|35.08022|-106.60676
1375|1|1|35.1267548|-106.6148952
1376|1|1|35.81419|-106.53132
1377|1|1|32.30959|-106.79338
1378|1|1|36.40605|-105.57326
1379|1|1|36.20618|-105.96083
1380|1|1|35.32646|-106.58467
1381|1|1|32.8906|-105.93402
1382|1|4|35.12404|-106.62081
1382|2|4|35.13194|-106.61208
1382|3|4|35.11782|-106.62502
1382|4|4|35.11976|-106.62433
1383|1|1|35.04608|-106.63967
1384|1|1|35.6397|-106.01588
1385|1|1|35.13015|-106.56995
1386|1|1|32.89724|-105.93052
1387|1|1|35.68538|-105.93977
1388|1|1|35.66204|-105.96529
1389|1|1|42.57278|-76.85807
1390|1|1|42.81657|-73.943
1391|1|1|40.76045|-73.97424
1392|1|1|42.73572|-73.6876
1393|1|1|40.77958|-73.97762
1394|1|1|43.04814|-76.15389
1395|1|1|40.73436|-73.99225
1396|1|1|42.1035004|-79.3238349
1397|1|1|40.8902|-72.39269
1398|1|1|41.9520243|-74.0433797
1399|1|1|40.67393|-74.01196
1400|1|1|43.16457|-77.61541
1401|1|1|42.9593225|-78.7694456
1402|1|1|40.9456686|-73.8795901
1403|1|1|43.99523|-75.91563
1404|1|1|42.38112|-76.87425
1405|1|1|43.13624|-77.76181
1406|1|1|43.08789|-77.61617
1407|1|1|40.75521|-73.98538
1408|1|1|41.12709|-74.16291
1409|1|1|40.76218|-73.97264
1410|1|1|41.28565|-73.92996
1411|1|1|42.8812|-78.87742
1412|1|1|42.10751|-75.90722
1413|1|1|40.67061|-73.98198
1414|1|1|43.08027|-73.78499
1415|1|1|42.7679234|-78.7441772
1416|1|1|43.09113|-73.76782
1417|1|1|40.61227|-74.13258
1418|1|1|41.06907|-72.33555
1419|1|1|44.26712|-73.33317
1420|1|1|43.09113|-73.76782
1421|1|1|40.73863|-73.98727
1422|1|1|40.7434243|-74.0074976
1423|1|2|40.72309|-74.0039076
1423|2|2|40.6258114|-74.075772
1424|1|1|41.11541|-74.1538
1425|1|1|43.05109|-76.16159
1426|1|1|43.10368|-75.24422
1427|1|1|42.14403|-77.05711
1428|1|1|40.72329|-74.00382
1429|1|1|42.74629|-73.76355
1430|1|1|42.7679234|-78.7441772
1431|1|1|40.73504|-73.59254
1432|1|1|40.7797|-73.55963
1433|1|1|43.06897|-76.0943
1434|1|1|44.74106|-74.26254
1435|1|1|44.2927022|-73.9840646
1436|1|1|44.68922|-73.50759
1437|1|1|44.69819|-73.45182
1438|1|1|43.45686|-76.51103
1439|1|1|41.93163|-74.01199
1440|1|1|43.1413066|-73.6078164
1441|1|1|40.7099|-74.00878
1442|1|1|40.870431|-73.1282449
1443|1|1|40.94533|-73.07344
1444|1|1|42.41399|-76.5332
1445|1|1|41.76919|-73.92947
1446|1|1|40.63503|-73.93321
1447|1|1|43.16457|-77.61541
1448|1|2|40.73684|-73.99069
1448|2|2|40.7356625|-73.9915425
1449|1|1|40.8065|-73.95362
1450|1|1|40.7555856|-73.9862414
1451|1|1|41.10246|-72.37269
1452|1|1|40.68227|-73.96551
1453|1|1|44.29017|-73.98532
1454|1|1|41.74833|-74.10562
1455|1|1|41.6956787|-73.892468
1456|1|1|43.16457|-77.61541
1457|1|1|42.95639|-78.89649
1458|1|1|43.10368|-75.24422
1459|1|1|43.04809|-76.15459
1460|1|1|42.43919|-79.33225
1461|1|1|42.27507|-78.67063
1462|1|1|42.37301|-75.06721
1463|1|1|42.4473375|-75.0931715
1464|1|1|41.05814|-74.02387
1465|1|1|43.30962|-73.64477
1466|1|1|42.94902|-77.58246
1467|1|2|42.5886522|-74.9400289
1467|2|2|42.3904184|-75.3985179
1468|1|1|43.31759|-73.63991
1469|1|1|40.7581666|-73.9793626
1470|1|1|40.84894|-73.3660551
1471|1|1|40.75002|-74.00846
1472|1|1|42.44219|-76.49002
1473|1|1|42.65414|-73.74773
1474|1|1|42.30725|-74.25101
1475|1|1|40.78139|-73.95252
1476|1|1|41.28453|-73.56769
1477|1|1|42.6251424|-75.1898886
1478|1|1|42.96488|-78.69782
1479|1|1|42.81523|-78.79948
1480|1|1|43.45686|-76.51103
1481|1|1|42.73572|-73.6876
1482|1|1|42.73572|-73.6876
1483|1|1|40.7216|-73.95763
1484|1|1|40.76596|-73.0168
1485|1|1|42.62634|-74.94034
1486|1|1|42.89077|-78.87247
1487|1|1|44.69632|-73.48902
1488|1|1|40.7592|-73.0216
1489|1|1|40.75507|-73.41441
1490|1|1|42.65257|-73.75112
1491|1|1|42.43983|-76.49929
1492|1|1|40.59959|-73.65531
1493|1|1|43.17013|-76.31176
1494|1|1|40.78331|-73.97915
1495|1|1|43.41852|-73.71412
1496|1|1|35.9099492|-75.6763851
1497|1|1|36.18679|-75.86389
1498|1|1|36.2114653|-81.675115
1499|1|1|35.93078|-78.92005
1500|1|1|35.91305|-79.05542
1501|1|1|35.81042|-78.61792
1502|1|1|35.7106556|-77.930508
1503|1|1|36.00019|-78.90805
1504|1|1|36.00019|-78.90805
1505|1|1|35.7106556|-77.930508
1506|1|1|35.99245|-79.88428
1507|1|1|35.20825|-80.86031
1508|1|1|35.51244|-82.88388
1509|1|1|35.77827|-78.64901
1510|1|1|35.1893534|-80.8705737
1511|1|1|35.99245|-79.88428
1512|1|1|35.17991|-80.88335
1513|1|2|35.6209266|-82.3259806
1513|2|2|35.5963008|-82.3106585
1514|1|1|35.17896|-79.49097
1515|1|1|36.01042|-75.6694
1516|1|1|35.18549|-80.88092
1517|1|1|35.73258|-81.34051
1518|1|1|35.80278|-78.59593
1519|1|1|36.0368577|-78.4853909
1520|1|1|36.06865|-79.7904
1521|1|1|35.26277|-77.58248
1522|1|1|36.51528|-79.71589
1523|1|2|35.18309|-80.64771
1523|2|2|35.6894143|-80.4680187
1524|1|1|35.07057|-78.95515
1525|1|1|35.90367|-78.76249
1526|1|1|36.02155|-79.84047
1527|1|1|35.59619|-82.55322
1528|1|1|35.48181|-80.8782
1529|1|1|35.20694|-80.86232
1530|1|1|35.05388|-78.88271
1531|1|1|35.13164|-80.71147
1532|1|1|35.57174|-82.5014
1533|1|1|35.37333|-83.22244
1534|1|1|35.60828|-77.37317
1535|1|1|35.7765|-78.63598
1536|1|1|35.58873|-82.55316
1537|1|1|36.02155|-79.84047
1538|1|1|34.23575|-77.94909
1539|1|1|35.56638|-82.53741
1540|1|1|36.09734|-80.25088
1541|1|1|35.6003|-77.59682
1542|1|1|35.18648|-80.89336
1543|1|1|35.20204|-80.84443
1544|1|1|35.07057|-78.95515
1545|1|1|36.2114653|-81.675115
1546|1|1|35.0577|-78.99635
1547|1|1|35.72908|-81.77943
1548|1|1|35.65649|-78.85474
1549|1|1|35.94409|-79.03962
1550|1|1|35.62273|-80.80144
1551|1|1|35.56204|-78.62231
1552|1|1|35.81042|-78.61792
1553|1|1|36.03323|-80.40918
1554|1|1|35.62208|-82.5537
1555|1|1|35.59172|-82.55529
1556|1|1|35.72155|-81.38727
1557|1|1|46.87887|-102.78574
1558|1|1|46.8755312|-96.787945
1559|1|1|46.88092|-96.78657
1560|1|1|46.85598|-96.85047
1561|1|1|47.89208|-97.06293
1562|1|1|41.069135|-81.5181549
1563|1|1|41.32183|-81.85821
1564|1|1|41.67851|-82.81048
1565|1|1|41.50663|-81.65649
1566|1|1|41.46101|-81.85615
1567|1|1|41.4967|-81.70368
1568|1|1|39.10124|-84.51281
1569|1|1|41.3063|-81.83366
1570|1|1|38.73153|-83.00812
1571|1|1|39.32773|-82.10232
1572|1|1|39.47561|-84.46907
1573|1|1|41.32183|-81.85821
1574|1|1|41.64351|-83.53823
1575|1|1|39.41186|-81.45352
1576|1|1|39.10894|-84.51185
1577|1|1|39.0954009|-84.5182684
1578|1|1|39.14765|-84.47304
1579|1|1|41.8891|-80.80527
1580|1|1|41.13609|-81.55308
1581|1|1|39.94486|-83.01528
1582|1|1|41.596|-82.7256
1583|1|1|39.32773|-82.10232
1584|1|1|39.11417|-84.52146
1585|1|1|39.95102|-82.99824
1586|1|1|41.02483|-81.46773
1587|1|1|41.48399|-81.70559
1588|1|1|41.48443|-81.70433
1589|1|1|39.96972|-83.00408
1590|1|1|41.28412|-81.09706
1591|1|1|39.93848|-82.99736
1592|1|1|41.50388|-82.76887
1593|1|1|41.42643|-81.89414
1594|1|2|40.21536|-83.36925
1594|2|2|40.21554|-83.37106
1595|1|1|39.96557|-83.00142
1596|1|1|41.49392|-81.70182
1597|1|1|41.36691|-81.8529
1598|1|1|39.9504|-83.00401
1599|1|1|39.30366|-84.51696
1600|1|1|41.49951|-81.69936
1601|1|1|41.4643651|-81.5157066
1602|1|1|39.09997|-84.5138
1603|1|1|41.45561|-81.75278
1604|1|1|41.47714|-81.80434
1605|1|1|41.13749|-81.79699
1606|1|1|41.34713|-81.82242
1607|1|1|41.3965|-81.99931
1608|1|1|39.11417|-84.52146
1609|1|3|39.69794|-82.44082
1609|2|3|39.69794|-82.44082
1609|3|3|39.65122|-82.41083
1610|1|1|41.6978|-83.63965
1611|1|1|41.47017|-81.89673
1612|1|1|39.11377|-84.52623
1613|1|1|39.97417|-83.04898
1614|1|1|39.97192|-83.00271
1615|1|1|40.10324|-82.99149
1616|1|1|40.10157|-83.10922
1617|1|1|39.10713|-84.50413
1618|1|1|36.05884|-95.8857
1619|1|1|36.1540664|-95.9175049
1620|1|1|35.30598|-97.42476
1621|1|1|34.92619|-95.72518
1622|1|1|35.1617125|-97.1430292
1623|1|1|35.2203|-97.44395
1624|1|1|36.09579|-95.95661
1625|1|1|35.22084|-97.44447
1626|1|1|35.4386|-97.5209
1627|1|1|35.52323|-97.53126
1628|1|1|35.22018|-97.44422
1629|1|1|36.04738|-95.90075
1630|1|1|35.46726|-97.51099
1631|1|1|35.42038|-97.47822
1632|1|1|35.6412|-97.48786
1633|1|1|36.11493|-95.9761
1634|1|1|42.39226|-122.92503
1635|1|1|44.07874|-124.01179
1636|1|1|45.53506|-122.66975
1637|1|1|45.53506|-122.66975
1638|1|1|43.21142|-123.34252
1639|1|2|44.14009|-123.06894
1639|2|2|44.08288|-123.03973
1640|1|1|45.52273|-122.6782
1641|1|1|44.28518|-121.53491
1642|1|1|44.90407|-123.05137
1643|1|1|45.46114|-122.79378
1644|1|1|45.44316|-122.80318
1645|1|1|44.56259|-123.25967
1646|1|1|45.52274|-122.68478
1647|1|1|45.41851|-117.27126
1648|1|1|46.19016|-123.83141
1649|1|1|44.05448|-123.08985
1650|1|1|45.5613|-122.66187
1651|1|1|42.19758|-122.7144
1652|1|1|45.58865|-122.75164
1653|1|1|44.08288|-123.03973
1654|1|1|42.35631|-122.85922
1655|1|1|42.19846|-122.71543
1656|1|1|44.0601049|-121.3073998
1657|1|1|44.63936|-123.09388
1658|1|1|44.26878|-121.17562
1659|1|1|45.39603|-122.73691
1660|1|1|45.51173|-122.6584
1661|1|1|46.19667|-123.79761
1662|1|1|44.05054|-123.09457
1663|1|1|44.61918|-124.05172
1664|1|1|43.40611|-124.22372
1665|1|1|43.3914551|-124.248885
1666|1|1|45.59192|-122.8725
1667|1|1|45.51793|-122.67477
1668|1|1|45.52282|-122.68369
1669|1|1|45.52684|-122.69835
1670|1|1|45.4373091|-122.5788454
1671|1|1|45.4874|-122.74751
1672|1|1|45.48562|-122.75399
1673|1|1|45.52591|-122.68497
1674|1|1|45.5415|-122.71307
1675|1|1|45.4762|-122.64888
1676|1|1|45.21515|-123.97036
1677|1|1|45.4306417|-122.6037115
1678|1|1|47.51434|-122.3524
1679|1|1|44.56134|-123.26104
1680|1|1|44.63936|-123.09388
1681|1|1|44.0456|-123.09155
1682|1|1|45.46607|-122.74807
1683|1|1|45.44255|-122.58016
1684|1|1|45.5091|-123.09646
1685|1|1|45.53113|-122.82999
1686|1|1|42.18355|-122.687
1687|1|1|44.05964|-123.08492
1688|1|1|44.05685|-123.10987
1689|1|1|45.53429|-122.69846
1690|1|1|45.47518|-122.82653
1691|1|1|45.48983|-122.64934
1692|1|1|45.30314|-121.76624
1693|1|1|45.0691|-122.79962
1694|1|1|45.32825|-118.09445
1695|1|1|45.30314|-121.76624
1696|1|1|45.52619|-122.68811
1697|1|1|42.19375|-121.73703
1698|1|1|45.535|-122.69859
1699|1|1|45.43385|-122.56329
1700|1|1|45.36757|-122.84142
1701|1|1|43.20926|-123.34823
1702|1|1|45.5181951|-122.5628054
1703|1|1|45.34608|-122.65227
1704|1|1|45.35918|-122.60708
1705|1|1|44.56826|-123.27552
1706|1|5|45.53516|-122.6334
1706|2|5|45.53516|-122.6334
1706|3|5|45.53509|-122.66624
1706|4|5|45.53509|-122.66624
1706|5|5|45.53501|-122.64577
1707|1|1|44.05671|-121.31421
1708|1|1|44.04614|-123.08774
1709|1|1|45.52274|-122.68478
1710|1|1|44.56781|-123.2595
1711|1|1|45.52619|-122.68811
1712|1|1|44.94808|-123.03343
1713|1|1|45.55885|-122.64269
1714|1|1|45.5317|-122.66777
1715|1|1|45.51418|-122.68499
1716|1|1|45.5181951|-122.5628054
1717|1|2|45.51244|-122.44202
1717|2|2|45.4537973|-121.1309649
1718|1|1|45.51234|-122.65632
1719|1|1|45.53359|-122.69188
1720|1|1|45.55094|-122.66687
1721|1|2|44.99729|-124.00339
1721|2|2|44.99729|-124.00339
1722|1|1|45.53576|-122.62182
1723|1|1|42.22798|-121.77652
1724|1|1|45.5645|-122.62964
1725|1|1|45.40276|-122.29575
1726|1|1|45.41447|-122.7466
1727|1|1|44.62791|-124.05589
1728|1|1|45.2101|-123.1943
1729|1|1|45.51645|-122.61546
1730|1|1|45.49688|-122.63481
1731|1|2|44.14009|-123.06894
1731|2|2|44.08288|-123.03973
1732|1|1|45.47923|-122.69364
1733|1|1|45.49144|-122.47623
1734|1|1|44.04614|-123.08774
1735|1|1|43.1521011|-123.3775558
1736|1|1|45.48987|-122.64286
1737|1|1|45.51597|-122.65646
1738|1|1|45.51173|-122.62543
1739|1|1|45.21038|-123.18901
1740|1|1|45.4771091|-122.6728518
1741|1|1|45.5094708|-122.6735571
1742|1|1|45.71063|-121.51582
1743|1|1|46.18841|-123.82738
1744|1|1|45.29481|-123.31934
1745|1|1|45.28743|-122.33482
1746|1|1|45.51956|-121.59511
1747|1|1|45.5369|-122.40687
1748|1|1|44.03924|-123.06996
1749|1|1|45.71002|-121.51465
1750|1|1|44.05939|-121.31128
1751|1|1|44.04677|-121.32215
1752|1|1|44.04124|-123.0967
1753|1|1|45.54911|-122.90049
1754|1|1|45.50315|-122.63995
1755|1|1|45.4987307|-122.8076905
1756|1|1|44.90457|-123.01819
1757|1|1|44.04159|-121.33306
1758|1|1|44.25603|-121.16925
1759|1|1|45.86238|-122.79738
1760|1|1|42.18437|-122.66383
1761|1|1|44.63936|-123.09388
1762|1|1|45.53111|-122.68496
1763|1|1|45.51192|-122.62616
1764|1|2|43.11933|-124.41134
1764|2|2|43.1196933|-124.418247
1765|1|1|42.43753|-123.32987
1766|1|1|45.32545|-118.08764
1767|1|1|45.52615|-122.6941
1768|1|1|45.51655|-122.62997
1769|1|1|45.5230915|-122.6825229
1770|1|1|45.53454|-122.65698
1771|1|1|45.61066|-122.68058
1772|1|1|44.07994|-123.06848
1773|1|1|45.89799|-123.96118
1774|1|1|45.70798|-121.5121
1775|1|1|45.4137624|-122.674137
1776|1|1|44.93298|-123.0293
1777|1|1|44.06043|-121.31384
1778|1|1|44.01539|-116.95211
1779|1|1|45.51242|-122.64893
1780|1|1|44.77877|-117.82933
1781|1|1|43.36775|-124.21444
1782|1|1|43.1200074|-124.3779715
1783|1|1|45.51173|-122.62544
1784|1|1|45.51791|-122.68229
1785|1|1|46.19016|-123.83141
1786|1|1|45.54943|-122.67523
1787|1|1|45.54839|-122.61367
1788|1|1|45.59537|-121.16573
1789|1|1|44.08871|-121.28575
1790|1|1|40.461457|-79.9655025
1791|1|1|41.63736|-80.15471
1792|1|1|40.0059857|-75.6942144
1793|1|1|40.073926|-75.4284829
1794|1|1|40.1955628|-76.1467898
1795|1|1|39.9713051|-75.3107261
1796|1|1|40.10889|-75.12271
1797|1|1|40.25684|-76.87332
1798|1|1|39.9485|-75.14347
1799|1|1|40.36522|-74.95385
1800|1|1|40.45852|-79.97551
1801|1|1|41.25511|-75.8591
1802|1|1|40.22638|-76.42912
1803|1|1|41.42757|-78.55341
1804|1|1|40.23992|-76.05981
1805|1|1|40.04862|-76.6867
1806|1|1|41.8821451|-80.0002554
1807|1|2|40.16024|-75.51315
1807|2|2|40.12907|-75.52689
1808|1|1|40.1942459|-75.5337883
1809|1|1|40.80092|-76.86132
1810|1|1|40.08566|-75.39323
1811|1|1|40.40955|-79.91515
1812|1|1|40.4464|-79.76425
1813|1|1|40.30439|-79.54711
1814|1|1|40.01241|-75.10858
1815|1|1|40.19697|-74.92442
1816|1|1|40.33433|-75.9304
1817|1|1|40.34598|-75.03371
1818|1|1|40.46084|-79.96621
1819|1|1|39.95022|-75.16658
1820|1|1|40.45731|-79.99127
1821|1|1|40.80469|-77.88611
1822|1|1|41.06375|-80.05561
1823|1|1|39.95022|-75.16658
1824|1|1|40.3253346|-75.9272911
1825|1|1|40.63467|-75.37969
1826|1|1|40.56537|-75.4768
1827|1|1|40.8029|-80.12659
1828|1|1|40.03993|-75.54297
1829|1|1|39.86206|-75.54366
1830|1|1|40.4310957|-78.4144623
1831|1|1|40.20337|-77.18847
1832|1|1|40.05924|-75.38062
1833|1|1|40.0226489|-75.2190861
1834|1|1|40.02255|-75.21917
1835|1|1|41.25511|-75.8591
1836|1|1|40.3253346|-75.9272911
1837|1|1|40.0438|-76.29837
1838|1|1|40.5161265|-75.7782212
1839|1|1|39.7985|-76.99222
1840|1|1|40.1533747|-79.7434339
1841|1|1|40.31473|-78.93598
1842|1|1|40.04654|-75.40523
1843|1|1|40.4297599|-79.8097043
1844|1|1|40.2088179|-75.2248849
1845|1|1|39.91749|-75.3883
1846|1|1|39.96064|-75.60568
1847|1|1|40.13398|-75.51377
1848|1|1|40.46084|-79.96621
1849|1|1|40.20595|-75.44349
1850|1|1|40.0389893|-75.0905264
1851|1|1|40.4252634|-79.9595216
1852|1|1|40.43851|-79.99734
1853|1|1|40.6847|-80.08643
1854|1|1|39.81485|-76.98559
1855|1|2|40.10593|-75.14734
1855|2|2|40.0968139|-75.1546242
1856|1|1|39.83082|-77.23038
1857|1|1|39.8459|-77.21043
1858|1|1|40.08411|-75.25035
1859|1|1|39.96099|-76.73913
1860|1|1|40.0570969|-75.3940324
1861|1|2|41.12685|-75.36018
1861|2|2|41.11296|-75.38118
1862|1|1|40.45763|-79.97582
1863|1|5|40.22672|-76.86604
1863|2|5|40.6368358|-80.2407702
1863|3|5|40.5836899|-80.2248835
1863|4|5|40.6992033|-80.3011579
1863|5|5|40.7410237|-80.3255399
1864|1|1|42.11118|-80.11297
1865|1|1|40.89568|-77.4792
1866|1|1|40.45546|-79.90417
1867|1|1|40.05912|-75.19043
1868|1|1|40.45348|-80.01833
1869|1|1|40.00526|-75.21915
1870|1|1|39.95573|-75.16978
1871|1|1|39.94773|-75.22269
1872|1|1|40.6829813|-76.1981127
1873|1|1|40.6999782|-76.1761906
1874|1|2|41.4511362|-80.4003818
1874|2|2|41.445214|-80.4174036
1875|1|1|40.279818|-75.2141495
1876|1|1|40.89451|-77.1963
1877|1|1|40.46244|-79.9644
1878|1|1|40.3253678|-75.9274275
1879|1|1|41.24026|-77.0056
1880|1|1|40.34681|-75.03326
1881|1|1|40.11197|-76.50305
1882|1|1|39.97875|-76.65922
1883|1|1|42.12087|-80.08205
1884|1|1|40.08566|-75.39323
1885|1|1|40.00718|-75.55873
1886|1|1|39.94985|-75.16059
1887|1|1|40.62222|-75.3826
1888|1|1|41.23779|-77.00953
1889|1|1|41.05237|-75.32796
1890|1|1|39.9140797|-77.6676346
1891|1|1|39.83489|-77.24481
1892|1|1|40.23835|-76.94607
1893|1|1|40.26579|-76.87551
1894|1|1|39.95952|-75.13943
1895|1|1|40.60132|-75.47402
1896|1|1|41.22215|-77.03709
1897|1|1|41.82555|-71.41395
1898|1|1|41.8224|-71.41676
1899|1|1|41.82035|-71.41739
1900|1|1|41.77884|-71.43525
1901|1|1|41.79268|-71.39172
1902|1|1|41.17318|-71.55841
1903|1|1|41.82533|-71.41411
1904|1|1|41.70477|-71.52322
1905|1|1|42.0045832|-74.0281175
1906|1|1|41.70142|-71.46018
1907|1|1|41.51864|-71.30489
1908|1|1|41.4934883|-71.3041869
1909|1|1|33.99991|-81.03701
1910|1|1|32.78008|-79.92933
1911|1|1|34.68588|-82.81413
1912|1|1|34.7964049|-82.4243585
1913|1|1|32.81577|-79.99309
1914|1|1|32.8127|-79.86557
1915|1|1|32.77848|-79.92726
1916|1|1|34.69015|-82.81159
1917|1|1|34.96915|-81.98365
1918|1|1|34.90615|-82.22235
1919|1|1|33.99909|-81.01164
1920|1|1|32.8013133|-79.9459924
1921|1|1|33.69814|-78.88982
1922|1|1|32.78049|-79.93073
1923|1|2|33.7242729|-78.8460458
1923|2|2|33.6475623|-78.9411398
1924|1|1|34.49979|-82.00721
1925|1|1|33.7148884|-78.8842392
1926|1|1|33.98733|-80.98782
1927|1|1|33.99739|-81.03151
1928|1|2|34.93043|-81.98961
1928|2|2|34.92793|-81.99766
1929|1|1|32.15457|-80.76464
1930|1|1|34.85182|-82.39885
1931|1|1|33.99912|-81.03706
1932|1|1|32.8735|-79.97128
1933|1|1|34.82512|-82.29354
1934|1|1|32.79318|-79.93178
1935|1|1|32.44312|-80.6906
1936|1|1|34.8531|-82.39831
1937|1|1|34.84662|-82.39629
1938|1|1|34.3276668|-79.7545883
1939|1|1|34.8508|-82.39987
1940|1|1|33.56026|-81.72265
1941|1|1|43.5522|-96.72727
1942|1|1|44.4905938|-103.8669152
1943|1|1|44.36619|-100.35486
1944|1|1|43.5504|-96.67992
1945|1|1|43.52148|-96.77128
1946|1|1|44.90292|-97.11411
1947|1|1|44.5176|-103.87055
1948|1|1|44.36619|-100.35486
1949|1|1|44.37377|-103.72508
1950|1|1|42.87008|-97.39503
1951|1|1|44.07893|-103.2204
1952|1|1|35.95783|-83.93522
1953|1|1|35.0360473|-85.3044289
1954|1|1|35.15477|-89.79933
1955|1|2|35.69414|-83.655
1955|2|2|35.85295|-83.56161
1956|1|1|35.7037411|-83.5392651
1957|1|1|35.97481|-83.91459
1958|1|1|35.9411833|-83.978163
1959|1|1|36.16315|-86.77545
1960|1|1|36.1495803|-86.8003759
1961|1|1|35.28289|-86.37564
1962|1|1|35.96571|-83.91811
1963|1|2|35.05903|-85.27766
1963|2|2|35.07609|-85.2574
1964|1|1|35.0442|-85.15941
1965|1|1|35.96571|-83.91811
1966|1|1|36.28603|-82.48166
1967|1|1|35.0459301|-85.3116981
1968|1|1|35.93257|-84.01199
1969|1|1|35.13691|-89.99051
1970|1|1|35.0955388|-89.8085526
1971|1|1|36.1363097|-86.8010829
1972|1|1|35.12504|-90.05951
1973|1|1|36.16315|-86.77545
1974|1|1|36.15198|-86.79889
1975|1|1|35.9411833|-83.978163
1976|1|1|36.52735|-87.35896
1977|1|1|35.05406|-85.31024
1978|1|1|36.16169|-86.77473
1979|1|1|35.0334|-85.16277
1980|1|1|30.26731|-97.74685
1981|1|1|29.7189226|-95.4153031
1982|1|1|30.26209|-97.76118
1983|1|1|32.9857091|-96.8289404
1984|1|1|29.71587|-95.41579
1985|1|1|32.85343|-96.76857
1986|1|1|33.57834|-101.84402
1987|1|1|35.18455|-101.8802
1988|1|1|32.78376|-96.80976
1989|1|1|29.3078618|-94.7947812
1990|1|1|30.27021|-97.74968
1991|1|1|32.99082|-97.51853
1992|1|1|32.8359128|-96.8049151
1993|1|1|33.12096|-96.82278
1994|1|1|29.57623|-98.47725
1995|1|2|29.41193|-97.26133
1995|2|2|29.4824|-97.07832
1996|1|1|32.87759|-96.75234
1997|1|1|29.4406171|-98.4804562
1998|1|1|29.8116368|-95.4675792
1999|1|3|29.77615|-95.32621
1999|2|3|29.77651|-95.30417
1999|3|3|29.77202|-95.34534
2000|1|1|32.78376|-96.80976
2001|1|1|32.79942|-96.80583
2002|1|1|29.73117|-95.48824
2003|1|1|32.95394|-96.84701
2004|1|1|30.11295|-98.41294
2005|1|1|32.73693|-97.32694
2006|1|1|29.57623|-98.47725
2007|1|1|29.4420966|-98.479373
2008|1|1|32.7900768|-97.3483088
2009|1|1|26.10936|-97.16822
2010|1|1|31.8184631|-106.5165468
2011|1|1|30.27646|-97.74638
2012|1|1|30.39065|-97.73754
2013|1|1|32.78375|-96.78711
2014|1|1|32.64157|-97.31995
2015|1|1|32.78353|-96.7842
2016|1|1|30.26714|-97.73828
2017|1|1|30.26759|-97.74299
2018|1|1|30.25434|-97.70557
2019|1|1|29.49777|-98.47948
2020|1|1|29.71991|-98.1473
2021|1|1|30.2668|-97.73865
2022|1|1|29.44847|-98.48805
2023|1|1|31.83609|-106.56186
2024|1|1|31.781|-106.39287
2025|1|1|30.21293|-97.73636
2026|1|1|32.86348|-96.89916
2027|1|1|32.8357|-96.7694
2028|1|1|32.78158|-96.80723
2029|1|7|33.55581|-101.84562
2029|2|7|33.53897|-101.84395
2029|3|7|33.56697|-101.84438
2029|4|7|33.56306|-101.84563
2029|5|7|33.55601|-101.84439
2029|6|7|33.52452|-101.84368
2029|7|7|33.53515|-101.84503
2030|1|1|29.73145|-95.48294
2031|1|1|32.95368|-96.8398
2032|1|1|32.8231|-96.7893
2033|1|1|30.25463|-97.69703
2034|1|1|32.02082|-102.12606
2035|1|1|32.83771|-97.49543
2036|1|1|30.00361|-95.25319
2037|1|1|32.78429|-96.78037
2038|1|1|29.3054236|-94.7967339
2039|1|1|29.44227|-98.48628
2040|1|1|29.54973|-98.57712
2041|1|1|30.2728|-98.86936
2042|1|1|29.70134|-98.12306
2043|1|1|31.40093|-100.08936
2044|1|1|30.35735|-103.66285
2045|1|1|30.31106|-97.74289
2046|1|1|29.78989|-98.72593
2047|1|1|32.9107556|-96.6427749
2048|1|1|32.70755|-97.3878
2049|1|1|27.7983|-97.39303
2050|1|1|30.26638|-97.73976
2051|1|1|32.78296|-96.78599
2052|1|1|30.24252|-97.81986
2053|1|1|30.33303|-97.66861
2054|1|1|29.883|-97.93974
2055|1|1|30.6013|-96.30357
2056|1|1|32.7897526|-96.8040323
2057|1|1|30.6191|-96.32136
2058|1|1|29.545|-95.13244
2059|1|1|31.55435|-97.1303
2060|1|1|29.4633729|-98.4654291
2061|1|1|29.4098|-98.49538
2062|1|1|30.29138|-97.76623
2063|1|1|30.26606|-97.74461
2064|1|1|32.75289|-97.06667
2065|1|1|32.95541|-97.04633
2066|1|1|29.55498|-95.01984
2067|1|2|29.71945|-95.4163
2067|2|2|29.71945|-95.4163
2068|1|1|30.2668|-97.73865
2069|1|1|29.77308|-95.26925
2070|1|1|40.6418|-111.49448
2071|1|1|40.73238|-111.89923
2072|1|1|40.73238|-111.89923
2073|1|1|40.6436547|-111.4968006
2074|1|1|40.73275|-111.95398
2075|1|1|40.5605361|-112.296775
2076|1|1|40.7624|-111.89568
2077|1|1|40.6418|-111.49448
2078|1|1|40.7624|-111.89568
2079|1|1|41.18493|-111.98681
2080|1|1|41.08344|-111.97902
2081|1|1|41.22056|-111.97455
2082|1|1|40.76365|-111.8971
2083|1|1|39.62509|-110.84243
2084|1|1|41.23088|-111.97602
2085|1|1|38.5627|-109.54968
2086|1|1|40.6219|-111.86693
2087|1|1|38.57234|-109.55054
2088|1|1|41.23088|-111.97602
2089|1|1|40.7583377|-111.8712049
2090|1|1|40.6206|-111.88822
2091|1|1|44.47725|-73.21436
2092|1|1|43.78725|-72.52357
2093|1|1|44.5312459|-72.0490211
2094|1|1|44.47693|-73.21135
2095|1|1|44.47593|-73.21277
2096|1|1|44.47382|-72.71397
2097|1|1|44.5698934|-72.6017221
2098|1|1|44.8131011|-73.0828251
2099|1|1|44.02941|-73.1724
2100|1|1|43.71506|-72.3091
2101|1|1|43.5936061|-72.666036
2102|1|1|42.85156|-72.56008
2103|1|1|42.7904456|-72.8510174
2104|1|1|44.42898|-73.21346
2105|1|1|42.87839|-73.19637
2106|1|1|43.60033|-72.74945
2107|1|1|44.11354|-72.85575
2108|1|1|42.85132|-72.55773
2109|1|1|44.50182|-72.01409
2110|1|1|43.51197|-72.40137
2111|1|1|44.2502853|-72.5593633
2112|1|1|43.647908|-72.3185853
2113|1|1|44.64372|-72.68836
2114|1|1|44.13293|-73.07823
2115|1|1|43.39617|-72.70238
2116|1|1|42.88074|-73.19721
2117|1|1|44.47646|-73.21428
2118|1|1|44.3372|-72.75597
2119|1|1|38.80506|-77.04613
2120|1|1|39.11265|-77.55411
2121|1|1|38.86662|-77.22836
2122|1|1|39.03356|-77.40995
2123|1|1|38.82924|-77.43916
2124|1|1|36.87099|-76.28977
2125|1|1|38.06928|-78.68617
2126|1|2|38.02933|-78.48268
2126|2|2|38.0291791|-78.482001
2127|1|1|36.90524|-80.21851
2128|1|1|38.80413|-77.1322
2129|1|1|37.09993|-76.39446
2130|1|1|37.52798|-77.42156
2131|1|1|38.87962|-77.1109
2132|1|1|37.25251|-79.95061
2133|1|1|37.53562|-77.43382
2134|1|1|37.53562|-77.43382
2135|1|1|38.16162|-79.0789
2136|1|1|38.8920119|-77.4362945
2137|1|1|39.18547|-78.16211
2138|1|1|37.13565|-76.51709
2139|1|1|37.71164|-76.3796
2140|1|1|38.03778|-78.49052
2141|1|1|37.52677|-77.44297
2142|1|1|37.57679|-77.4824
2143|1|1|37.51185|-77.61198
2144|1|2|38.82898|-77.07401
2144|2|2|38.78975|-77.07966
2145|1|1|38.76612|-78.10103
2146|1|1|36.84322|-76.13459
2147|1|1|38.9281|-77.1986
2148|1|1|37.50717|-77.61852
2149|1|1|38.35735|-78.67991
2150|1|1|37.53424|-77.42655
2151|1|1|38.84116|-77.08693
2152|1|1|38.44995|-78.87009
2153|1|1|38.88643|-77.0953
2154|1|1|38.03176|-78.48995
2155|1|1|38.27996|-77.44844
2156|1|1|37.1351|-80.40761
2157|1|1|37.2816972|-77.2947667
2158|1|1|38.89216|-77.08207
2159|1|1|37.23789|-76.65353
2160|1|1|38.06752|-78.48597
2161|1|1|36.83483|-76.30444
2162|1|1|45.69216|-121.88411
2163|1|1|46.13779|-122.9345
2164|1|1|47.85604|-121.971
2165|1|1|47.85604|-121.971
2166|1|1|47.59201|-122.33482
2167|1|1|47.76557|-122.61813
2168|1|1|47.24375|-122.43687
2169|1|1|46.9967641|-120.5588787
2170|1|1|47.20304|-122.22019
2171|1|1|47.65726|-117.41228
2172|1|1|47.62881|-122.33175
2173|1|1|47.65517|-117.42481
2174|1|1|47.52872|-121.82411
2175|1|1|46.32849|-120.00821
2176|1|1|48.17247|-122.20637
2177|1|1|48.41922|-122.33537
2178|1|1|47.61424|-122.32761
2179|1|1|31.20764|-88.40427
2180|1|1|47.5342449|-122.3261337
2181|1|1|47.99748|-122.2141
2182|1|1|47.57681|-122.37214
2183|1|1|48.5351714|-123.0146664
2184|1|2|47.223|-120.99369
2184|2|2|47.22337|-120.99336
2185|1|2|47.52999|-122.03712
2185|2|2|47.5299851|-122.0357927
2186|1|1|47.5051868|-118.9777955
2187|1|1|47.3195914|-122.2114844
2188|1|1|47.82047|-122.28752
2189|1|1|47.59945|-122.33253
2190|1|1|47.61517|-122.19808
2191|1|1|47.60919|-122.33454
2192|1|1|47.65088|-122.3541
2193|1|1|47.73356|-122.14822
2194|1|1|46.6653|-122.9696
2195|1|4|34.00433|-81.0328768
2195|2|4|46.23277|-119.22325
2195|3|4|46.23066|-119.22343
2195|4|4|46.23153|-119.22353
2196|1|1|47.16618|-122.51496
2197|1|1|47.27971|-122.47489
2198|1|1|47.66109|-117.41413
2199|1|1|47.66415|-122.2979
2200|1|1|47.15988|-122.29234
2201|1|1|47.21144|-122.48465
2202|1|1|47.16602|-122.5152
2203|1|1|47.06217|-122.76871
2204|1|1|47.38526|-122.23494
2205|1|1|47.7084651|-122.3284096
2206|1|1|47.57655|-122.32044
2207|1|1|46.00557|-122.8465
2208|1|1|47.59201|-122.33482
2209|1|1|47.59201|-122.33486
2210|1|1|47.19162|-122.28795
2211|1|1|48.1074|-122.78098
2212|1|1|48.12044|-123.43465
2213|1|1|47.60259|-122.28439
2214|1|1|47.60828|-122.3404
2215|1|1|47.60821|-122.33971
2216|1|1|48.1180622|-123.4321153
2217|1|1|47.5050159|-122.290258
2218|1|1|48.7786751|-122.4788625
2219|1|1|46.55559|-122.70345
2220|1|1|46.7166|-122.95382
2221|1|1|46.98541|-122.91222
2222|1|1|47.66214|-117.39487
2223|1|1|48.9207|-117.79521
2224|1|1|48.8906|-122.1513
2225|1|1|47.00831|-122.2176
2226|1|1|47.60358|-122.32945
2227|1|1|46.06941|-118.3348
2228|1|1|48.36506|-120.1205
2229|1|1|47.65169|-122.35031
2230|1|1|47.04521|-122.901
2231|1|1|47.61424|-122.32761
2232|1|1|47.6257|-122.35213
2233|1|1|45.615453|-122.65319
2234|1|1|46.7166|-122.95382
2235|1|1|47.87722|-122.21216
2236|1|1|47.87722|-122.21216
2237|1|1|45.63665|-122.50733
2238|1|1|48.123576|-123.5709498
2239|1|1|47.6639|-122.37703
2240|1|1|47.66342|-122.10188
2241|1|1|47.59485|-120.66356
2242|1|1|47.9081|-122.22171
2243|1|1|48.39177|-122.4956
2244|1|1|47.17578|-122.1637
2245|1|1|47.58146|-122.32901
2246|1|1|47.52999|-122.03712
2247|1|1|47.0006256|-120.5646691
2248|1|1|46.22994|-119.0908
2249|1|1|46.21075|-119.11973
2250|1|1|47.80371|-122.57332
2251|1|1|46.9664|-123.78473
2252|1|1|47.65293|-122.69057
2253|1|1|45.68404|-122.66052
2254|1|1|46.00557|-122.8465
2255|1|1|47.59201|-122.33486
2256|1|1|47.24375|-122.43687
2257|1|1|47.67691|-117.3259
2258|1|1|47.65922|-122.3656
2259|1|1|47.6763465|-122.2076518
2260|1|1|47.59425|-120.66469
2261|1|1|46.36207|-124.0535
2262|1|1|47.61289|-122.33531
2263|1|1|47.74412|-117.88579
2264|1|1|47.65808|-122.36539
2265|1|1|47.5510685|-122.3184949
2266|1|1|48.5351714|-123.0146664
2267|1|1|47.67916|-122.1352
2268|1|1|47.64918|-122.34437
2269|1|1|48.84696|-122.59156
2270|1|1|47.6600151|-117.4182731
2271|1|1|47.73356|-122.14822
2272|1|1|47.31435|-121.99059
2273|1|1|47.9783|-122.20838
2274|1|1|48.29916|-122.65286
2275|1|1|47.0441505|-122.8967612
2276|1|1|45.72725|-121.48556
2277|1|1|47.57528|-122.3347
2278|1|1|47.2562802|-122.4735151
2279|1|1|47.59703|-122.33378
2280|1|1|47.61393|-122.31589
2281|1|1|47.66881|-122.33349
2282|1|1|47.56041|-122.38658
2283|1|1|47.46659|-122.33883
2284|1|1|47.80998|-122.30207
2285|1|1|47.15897|-122.04775
2286|1|1|46.77159|-123.0074
2287|1|1|47.89563|-122.296
2288|1|1|47.94849|-122.30468
2289|1|1|47.65169|-122.35031
2290|1|1|45.67852|-122.55451
2291|1|1|46.20646|-119.76877
2292|1|1|47.48094|-122.20708
2293|1|2|47.52097|-120.46605
2293|2|2|47.5186586|-120.4585394
2294|1|1|48.22095|-122.68802
2295|1|1|48.93888|-119.43686
2296|1|1|48.74758|-122.48102
2297|1|1|47.65122|-122.11752
2298|1|1|47.68548|-122.14437
2299|1|1|47.4580803|-122.2559803
2300|1|1|47.38522|-117.17125
2301|1|1|48.52834|-121.9151802
2302|1|1|47.65784|-122.31354
2303|1|1|46.06941|-118.3348
2304|1|1|45.61628|-122.50376
2305|1|1|47.61003|-122.18791
2306|1|2|38.8039|-123.01844
2306|2|2|38.8045985|-123.0192181
2307|1|1|47.51964|-122.31192
2308|1|1|47.73469|-122.15389
2309|1|1|46.27452|-119.2773
2310|1|1|48.5196551|-122.6126958
2311|1|1|48.93888|-119.43686
2312|1|1|47.31056|-122.58234
2313|1|3|47.24454|-122.21014
2313|2|3|47.24454|-122.21014
2313|3|3|47.2424222|-122.2118435
2314|1|1|39.28742|-81.53301
2315|1|1|39.1420927|-79.4984128
2316|1|1|39.12916|-79.47331
2317|1|1|39.63222|-79.95523
2318|1|1|43.05249|-88.36633
2319|1|1|43.04476|-87.91144
2320|1|1|45.25879|-91.81805
2321|1|1|43.08538|-88.91165
2322|1|1|44.51924|-88.01814
2323|1|1|46.7267449|-92.1013159
2324|1|1|43.06719|-87.90186
2325|1|1|44.25328|-88.40295
2326|1|1|44.51033|-89.5734
2327|1|1|42.9742|-87.87594
2328|1|1|43.09958|-87.91962
2329|1|2|43.7561298|-87.9813949
2329|2|2|43.737977|-87.9812449
2330|1|1|46.58724|-90.89211
2331|1|1|43.29393|-87.98103
2332|1|1|45.04923|-87.28049
2333|1|1|44.2925|-90.85171
2334|1|1|44.55786|-88.06181
2335|1|1|44.89108|-92.63858
2336|1|1|44.0293|-88.16313
2337|1|1|43.03967|-87.91152
2338|1|1|44.95887|-89.62262
2339|1|1|42.83145|-88.7128
2340|1|1|45.0845|-87.65231
2341|1|1|43.83436|-91.23607
2342|1|1|44.26205|-88.40208
2343|1|1|42.96254|-90.13057
2344|1|1|44.78034|-91.44103
2345|1|2|42.8069|-89.63157
2345|2|2|42.86255|-89.61147
2346|1|1|46.01205|-91.24017
2347|1|1|43.58879|-89.79176
2348|1|1|45.87261|-89.71027
2349|1|1|42.5998|-89.64105
2350|1|1|43.16213|-87.96138
2351|1|1|43.03338|-87.90954
2352|1|1|43.04409|-87.96257
2353|1|1|44.0195102|-88.5498882
2354|1|1|43.05034|-87.92455
2355|1|1|44.42873|-88.05767
2356|1|1|44.55363|-88.0977
2357|1|1|44.46881|-88.08307
2358|1|1|43.05472|-87.90514
2359|1|1|43.17265|-89.92978
2360|1|1|44.94486|-91.39526
2361|1|1|43.05094|-89.47519
2362|1|1|43.75939|-87.72268
2363|1|1|44.95131|-89.66475
2364|1|1|43.38656|-87.88095
2365|1|1|43.00811|-89.73806
2366|1|1|44.51894|-88.01963
2367|1|1|43.01773|-89.42314
2368|1|1|43.07431|-89.38006
2369|1|1|44.9517451|-89.6633972
2370|1|1|42.67961|-89.0505
2371|1|1|43.0600949|-89.5064047
2372|1|1|43.22153|-90.04897
2373|1|1|44.03523|-88.56151
2374|1|1|44.27276|-88.46868
2375|1|1|44.87042|-88.13191
2376|1|1|44.25328|-88.40295
2377|1|1|43.04816|-88.35524
2378|1|1|43.11473|-89.65312
2379|1|1|44.08857|-87.65746
2380|1|1|43.53226|-90.00992
2381|1|1|43.80411|-91.25266
2382|1|1|44.83759|-87.37997
2383|1|1|43.09488|-89.51625
2384|1|1|44.95083|-89.61773
2385|1|1|45.63825|-89.41233
2386|1|1|42.55822|-87.85712
2387|1|1|42.55822|-87.85712
2388|1|1|42.85773|-90.17677
2389|1|1|44.65943|-90.17966
2390|1|1|43.19402|-88.72299
2391|1|1|44.25328|-88.40295
2392|1|1|46.01053|-91.48891
2393|1|1|43.12663|-89.32626
2394|1|1|44.25328|-88.40295
2395|1|1|38.90457|-77.06754
2396|1|1|38.8955998|-77.0294255
2397|1|1|38.89705|-77.02433
2398|1|1|38.89807|-77.03133
2399|1|1|38.91988|-77.00094
2400|1|1|38.89653|-77.02163
2401|1|1|38.89653|-77.02163
2402|1|2|38.8969385|-77.0080998
2402|2|2|38.90616|-77.03308
2403|1|1|38.90019|-77.02756
